return {
	
	shop = [[id	group	newItem	hotItem	isUse	newShelfMark	shopItemID	number	buyLV	buyCount	maxBuyTimes	price	linePrice	priority	showTime	hiddenTime	extraItem
1	1	1	1	1	1	1	1	1	1	1	2	1	1	2	2	2
901001	1			1	0	100050	1	1			10000_1000_75		1105			
901002	1			1	0	810002	1	1			10000_1000_260		1110			
21063002	1			1	0	21063002	1	1			10000_1000_30		1112			
21063003	1			1	0	21063003	1	1			10000_1000_30		1111			
901003	3		1	1	0	810000	1	1			10000_1001_4		3005			
901004	3		1	1	0	810001	1	1			10000_1001_40		3010			
901005	3			1	0	810003	1	1			10000_1001_4		3405			
901006	3			1	0	101050	1	1			10000_1001_75		3410			
901007	3			1	0	810010	1	1			10000_1001_4		3305			
901008	3			1	0	104050	1	1			10000_1001_75		3310			
901010	3			1	0	810008	1	1			10000_1001_4		3205			
901011	3			1	0	103050	1	1			10000_1001_75		3210			
901012	3			1	0	810012	1	1			10000_1001_4		3105			
901013	3			1	0	105050	1	1			10000_1001_75		3110			
901016	4			1	0	820001	1	1			10000_1001_100		4005			
901017	4		1	1	0	820002	1	1			10000_1001_150		4010			
901022	2			1	0	850004	1	1			10000_1001_6		2005			
901023	2			1	0	850005	1	1			10000_1001_24		2010			
901024	2			1	0	850006	1	1			10000_1001_60		2015			
901025	2			1	0	850007	1	1			10000_1001_180		2020			
901026	2			1	0	850008	1	1			10000_1001_500		2025			
901027	2			1	0	850009	1	1			10000_1001_1500		2030			
901032	2			1	0	850014	1	1			10000_1001_6		2205			
901033	2			1	0	850015	1	1			10000_1001_24		2210			
901034	2			1	0	850016	1	1			10000_1001_60		2215			
901035	2			1	0	850017	1	1			10000_1001_180		2220			
901036	2			1	0	850018	1	1			10000_1001_500		2225			
901037	2			1	0	850019	1	1			10000_1001_1500		2230			
901042	2			1	0	850024	1	1			10000_1001_6		2305			
901043	2			1	0	850025	1	1			10000_1001_24		2310			
901044	2			1	0	850026	1	1			10000_1001_60		2315			
901045	2			1	0	850027	1	1			10000_1001_180		2320			
901046	2			1	0	850028	1	1			10000_1001_500		2325			
901047	2			1	0	850029	1	1			10000_1001_1500		2330			
901052	2			1	0	850034	1	1			10000_1001_6		2105			
901053	2			1	0	850035	1	1			10000_1001_24		2110			
901054	2			1	0	850036	1	1			10000_1001_60		2115			
901055	2			1	0	850037	1	1			10000_1001_180		2120			
901056	2			1	0	850038	1	1			10000_1001_500		2125			
901057	2			1	0	850039	1	1			10000_1001_1500		2130			
901058				0	0	851040	1	1			10000_1001_6		1			
901059				0	0	851060	1	1			10000_1001_24		1			
901060				0	0	851070	1	1			10000_1001_60		1			
901061				0	0	851080	1	1			10000_1001_180		1			
901062				0	0	851090	1	1			10000_1001_500		1			
901063				0	0	851100	1	1			10000_1001_1500		1			
901075	4			1	0	830014	1	1			10000_1001_60		4405			
901076	4			1	0	830017	1	1			10000_1001_60		4505			
901092	4			1	0	830060	1	1			10000_1001_60		4555			
901077	4			1	0	830001	1	1			10000_1001_100		4105			
901078	4			1	0	830002	1	1			10000_1001_210		4110			
901079	1			1	0	830003	1	1			10000_1000_400		1005			
901083				0	0	830039	1	1			10000_1001_750		1			
901084	4			1	0	830027	1	1			10000_1001_150		4305			
901085				0	0	830028	1	1			10000_1001_300		1			
901086				0	0	830015	1	1			10000_1001_100		1			
901087				0	0	830016	1	1			10000_1001_180		1			
901088				0	0	830012	1	1			10000_1001_100		1			
901089				0	0	830013	1	1			10000_1001_180		1			
901090				0	0	830058	1	1			10000_1001_100		1			
901091				0	0	830059	1	1			10000_1001_180		1			
901100	4			1	0	830024	1	1			10000_1001_100		4705			
901101	4			1	0	830025	1	1			10000_1001_500		4710			
901102	4			1	0	830026	1	1			10000_1001_50		4805			
901104				0	0	830028	1	1			10000_1001_300		1			
901105				0	0	830029	1	1			10000_1001_30		1			
901106	4			1	0	830030	1	1			10000_1001_100		4205			
901107				0	0	830031	1	1			10000_1001_5		1			
901108				0	0	830032	1	1			10000_1001_5		1			
901109				0	0	830033	1	1			10000_1001_10		1			
901110				0	0	830034	1	1			10000_1001_20		1			
901111				0	0	840151	1	1	100		10000_1001_68		1			
500005				0	0	840152	1	1	100		10000_1001_58		5004			
500010				0	0	840153	1	1	100		10000_1001_58		5002			
500015				0	0	840160	1	1			10000_1000_68		1004			
901112	5			1	0	1300006	1	1			10000_1001_2		5305			
901113	5			1	0	1300009	1	1			10000_1001_1		5310			
901114	5			1	0	800100	1	1			10000_1001_50		5010			
901115	5			1	0	800101	1	1			10000_1001_300		5009			
901116	5			1	0	800102	1	1			10000_1001_10		5405			
901117	5			1	0	800103	1	1			10000_1001_100		5415			
901118	4			1	0	830035	1	1			10000_1001_50		4605			
901119	4			1	0	830036	1	1			10000_1001_200		4610			
901120	4			1	0	830037	1	1			10000_1001_100		4615			
901121	4			1	0	830038	1	1			10000_1001_400		4620			
901170	1			1	0	100060	1	1			10000_1000_700		1115			
902001	1			1	0	800106	1	1			10000_1000_75		5410			
902002				0	0	800105	1	1			10000_1001_200		1			
902003				0	0	800107	1	1			10000_1001_200		1			
902004	5			1	0	1510001	1	1			10000_1001_1		5105			
902005	5			1	0	1510002	1	1			10000_1001_3		5110			
902006	5			1	0	1510003	1	1			10000_1001_9		5115			
902007	5			1	0	1510004	1	1			10000_1001_30		5120			
902008	5			1	0	1510005	1	1			10000_1001_90		5125			
902009	5			1	0	13310001	1	1			10000_1001_1		5205			
902010	5			1	0	13310002	1	1			10000_1001_3		5210			
902011	5			1	0	13310003	1	1			10000_1001_9		5215			
902012	5			1	0	13310004	1	1			10000_1001_30		5220			
902013	5			1	0	13310005	1	1			10000_1001_90		5225			
902014	5			1	0	800143	1	1			10000_1001_50		5505			
902015	5			1	0	800109	1	1			10000_1001_38		5510			
903001				1	0	1300006	1	1			10000_1001_2		1			
903002				1	0	1300006	10	1			10000_1001_16		1			
903003				1	0	1300006	100	1			10000_1001_150		1			
903004				1	0	1300006	1000	1			10000_1001_1350		1			
903013				1	0	1300009	1	1			10000_1001_1		1			
903014				1	0	1300009	10	1			10000_1001_9		1			
903015				1	0	1300009	100	1			10000_1001_85		1			
903016				1	0	1300009	1000	1			10000_1001_800		1			
903017	5			0	0	15210001	1	12	100		10000_1001_25		5015			
903018	5			0	0	15210002	1	12	100		10000_1001_25		5020			
903019	5			0	0	15210003	1	12	100		10000_1001_25		5025			
903020	5			0	0	15210004	1	12	100		10000_1001_25		5030			
903025	5			1	1	15210005	1	12	100		10000_1001_35		5015			
903026	5			1	1	15210006	1	12	100		10000_1001_35		5020			
903027	5			1	1	15210007	1	12	100		10000_1001_35		5025			
903028	5			1	1	15210008	1	12	100		10000_1001_35		5030			
1490001				0	0	1490001	1	1			10000_1001_30		5035			
1490002				0	0	1490002	1	1			10000_1001_60		5040			
1490003				0	0	1490003	1	1			10000_1001_120		5045			
1490004				0	0	1490004	1	1			10000_1001_480		5050			
1300017	5			1	0	1300017	1	1	100		10000_1001_25		5002			
1780080				0	0	1780080	1	1	100		10000_1001_188		5001			
1780081	5			1	1	1780080	1	1	100		10000_1001_188		5001	2019-5-6 00:00:00	2019-5-12 23:59:59	
1780082	5			1	1	1780080	1	1	100		10000_1001_188		5001	2019-5-27 00:00:00	2019-6-2 23:59:59	
1780083	5			1	1	1780080	1	1	100		10000_1001_188		5001	2019-6-26 00:00:00	2019-6-30 23:59:59	
1780084	5			1	1	1780080	1	1	100		10000_1001_188		5001	2019-7-24 00:00:00	2019-7-28 23:59:59	
1780085	5			1	1	1780080	1	1	100		10000_1001_188		5001	2019-8-27 00:00:00	2019-8-31 23:59:59	
1780086	5			1	1	1780080	1	1	100		10000_1001_188		5001	2019-9-27 00:00:00	2019-10-1 23:59:59	
1780087	5			1	1	1780080	1	1	100		10000_1001_188		5001	2019-10-13 00:00:00	2019-10-17 23:59:59	
1780088	5			1	1	1780080	1	1	100		10000_1001_188		5001	2019-12-1 00:00:00	2019-12-5 23:59:59	
1780089	5			1	1	1780080	1	1	100		10000_1001_188		5001	2020-1-1 00:00:00	2020-1-5 23:59:59	
1780090	5			1	1	1780080	1	1	100		10000_1001_188		5001	2020-2-1 00:00:00	2020-2-5 23:59:59	
1780091	5			1	1	1780080	1	1	100		10000_1001_188		5001	2020-3-2 00:00:00	2020-3-6 23:59:59	
1780092	5			1	1	1780080	1	1	100		10000_1001_188		5001	2020-4-5 00:00:00	2020-4-9 23:59:59	
1780093	5			1	1	1780080	1	1	100		10000_1001_188		5001	2020-5-4 00:00:00	2020-5-8 23:59:59	
1780094	5			1	1	1780080	1	1	100		10000_1001_188		5001	2020-6-1 00:00:00	2020-6-5 23:59:59	
3080001	5			1	1	1400008	1	1	100		10000_1001_20		999	2025-7-18 00:00:00	2025-7-21 23:59:59	
1790001	1			1	1	800000	1	1			10000_1000_128		1006			
1790010	1			1	1	800002	1	1	100		10000_1000_20		1004			
1790002	5			1	1	800001	1	1	200		10000_1001_10		5003			
1790003	5			1	1	801001	1	1			10000_1001_1		5004			
1790004	5			1	1	801002	1	1			10000_1001_5		5005			
1790005	5			1	1	801003	1	1			10000_1001_50		5006			
1790006	5			1	1	801004	1	1			10000_1001_200		5007			
1790007	1			1	0	1490005	1	1			10000_1000_500		1005			
1790011	5			1	1	21070058	1	35	200		10000_1001_50		4999			
903021				1	0	9990009	1	1			10000_1001_30		1			30000_840172_1
903022				1	0	9990009	10	1			10000_1001_250		1			30000_840172_10
903023				1	0	9990009	50	1			10000_1001_1100		1			30000_840172_50
903024				1	0	9990009	100	1			10000_1001_2000		1			30000_840172_100
1150128	1			1	1	1150128	1	1	1		10000_1000_99		1100			
1800001	5			1	1	9071001	1	1			10000_1001_100		5001			
1150116				1	0	1150116	1	1	7		10000_1001_50		1			
1800002	5			1	1	1800000	1	1	100		10000_1001_10		5001			
2380001	5			1	1	23810001	1	1	200		10000_1001_10		1	2021-10-09 00:00:00	2021-10-15 23:59:59	
2380002	5			1	1	23810002	1	1	200		10000_1001_10		1	2021-10-09 00:00:00	2021-10-15 23:59:59	
21012002	5			1	1	21012002	1	1	200		10000_1001_10		1	2022-01-31 00:00:00	2022-02-06 23:59:59	
21012003	5			1	1	21012003	1	1	200		10000_1001_10		1	2022-01-31 00:00:00	2022-02-06 23:59:59	
23800003	5			1	1	23800003	1	1	200		10000_1001_10		1	2022-03-29 00:00:00	2022-04-04 23:59:59	
23800004	5			1	1	23800004	1	1	200		10000_1001_10		1	2022-03-29 00:00:00	2022-04-04 23:59:59	
23800005	5			1	1	23800005	1	1	200		10000_1001_10		1	2022-04-30 00:00:00	2022-05-06 23:59:59	
23800006	5			1	1	23800006	1	1	200		10000_1001_10		1	2022-04-30 00:00:00	2022-05-06 23:59:59	
21063005	1			1	1	21063005	1	38	50		10000_1000_30		1003			
21063006	1			1	1	9990032	1	26	100		10000_1000_10		1004			
21063007	1			1	1	1300027	1	38	10		10000_1000_30		1002			
21063008	1			1	1	802004	1	17	100		10000_1000_30		1001			
23800007	5			1	1	23800007	1	1	200		10000_1001_10		1	2022-05-30 00:00:00	2022-06-5 23:59:59	
23800008	5			1	1	23800008	1	1	200		10000_1001_10		1	2022-05-30 00:00:00	2022-06-5 23:59:59	
23800009	5			1	1	23800009	1	1	200		10000_1001_10		1	2022-06-29 00:00:00	2022-07-5 23:59:59	
23800010	5			1	1	23800010	1	1	200		10000_1001_10		1	2022-06-29 00:00:00	2022-07-5 23:59:59	
23800011	5			1	1	23800011	1	1	200		10000_1001_10		1	2022-07-30 00:00:00	2022-08-5 23:59:59	
23800012	5			1	1	23800012	1	1	200		10000_1001_10		1	2022-07-30 00:00:00	2022-08-5 23:59:59	
23800013	5			1	1	23800013	1	1	200		10000_1001_10		1	2022-08-20 00:00:00	2022-08-26 23:59:59	
23800014	5			1	1	23800014	1	1	200		10000_1001_10		1	2022-08-20 00:00:00	2022-08-26 23:59:59	
23800015	5			1	1	23800015	1	1	200		10000_1001_10		1	2022-09-9 00:00:00	2022-09-15 23:59:59	
23800016	5			1	1	23800016	1	1	200		10000_1001_10		1	2022-09-9 00:00:00	2022-09-15 23:59:59	
23800017	5			1	1	23800017	1	1	200		10000_1001_10		1	2022-10-1 00:00:00	2022-10-7 23:59:59	
23800018	5			1	1	23800018	1	1	200		10000_1001_10		1	2022-10-1 00:00:00	2022-10-7 23:59:59	
23800019	5			1	1	23800019	1	1	200		10000_1001_10		1	2022-10-24 00:00:00	2022-10-30 23:59:59	
23800020	5			1	1	23800020	1	1	200		10000_1001_10		1	2022-10-24 00:00:00	2022-10-30 23:59:59	
23800021	5			1	1	23800021	1	1	200		10000_1001_10		1	2022-11-24 00:00:00	2022-11-30 23:59:59	
23800022	5			1	1	23800022	1	1	200		10000_1001_10		1	2022-11-24 00:00:00	2022-11-30 23:59:59	
23800023	5			1	1	23800023	1	1	200		10000_1001_10		1	2022-12-12 00:00:00	2022-12-18 23:59:59	
23800024	5			1	1	23800024	1	1	200		10000_1001_10		1	2022-12-12 00:00:00	2022-12-18 23:59:59	
23800025	5			1	1	23800025	1	1	200		10000_1001_10		1	2022-12-25 00:00:00	2022-12-31 23:59:59	
23800026	5			1	1	23800026	1	1	200		10000_1001_10		1	2022-12-25 00:00:00	2022-12-31 23:59:59	
23800029	5			1	1	23800029	1	1	200		10000_1001_10		1	2023-02-14 00:00:00	2023-02-20 23:59:59	
23800030	5			1	1	23800030	1	1	200		10000_1001_10		1	2023-02-14 00:00:00	2023-02-20 23:59:60	
23800031	5			1	1	23800031	1	1	200		10000_1001_10		1	2023-2-25 00:00:00	2023-3-3 23:59:59	
23800032	5			1	1	23800032	1	1	200		10000_1001_10		1	2023-2-25 00:00:00	2023-3-3 23:59:59	
23800033	5			1	1	23800033	1	1	200		10000_1001_10		1	2023-3-13 00:00:00	2023-3-19 23:59:59	
23800034	5			1	1	23800034	1	1	200		10000_1001_10		1	2023-3-13 00:00:00	2023-3-19 23:59:59	
23800035	5			1	1	23800035	1	1	200		10000_1001_10		1	2023-3-30 00:00:00	2023-4-5 23:59:59	
23800036	5			1	1	23800036	1	1	200		10000_1001_10		1	2023-3-30 00:00:00	2023-4-5 23:59:59	
23800037	5			1	1	23800037	1	1	200		10000_1001_10		1	2023-4-29 00:00:00	2023-5-5 23:59:59	
23800038	5			1	1	23800038	1	1	200		10000_1001_10		1	2023-4-29 00:00:00	2023-5-5 23:59:59	
23800039	5			1	1	23800039	1	1	200		10000_1001_10		1	2023-5-30 00:00:00	2023-6-5 23:59:59	
23800040	5			1	1	23800040	1	1	200		10000_1001_10		1	2023-5-30 00:00:00	2023-6-5 23:59:59	
23800041	5			1	1	23800041	1	1	200		10000_1001_10		1	2023-6-22 00:00:00	2023-6-28 23:59:59	
23800042	5			1	1	23800042	1	1	200		10000_1001_10		1	2023-6-22 00:00:00	2023-6-28 23:59:59	
23800043	5			1	1	23800043	1	1	200		10000_1001_10		1	2023-7-17 00:00:00	2023-7-23 23:59:59	
23800044	5			1	1	23800044	1	1	200		10000_1001_10		1	2023-7-17 00:00:00	2023-7-23 23:59:59	
23800045	5			1	1	23800045	1	1	200		10000_1001_10		1	2023-8-22 00:00:00	2023-8-28 23:59:59	
23800046	5			1	1	23800046	1	1	200		10000_1001_10		1	2023-8-22 00:00:00	2023-8-28 23:59:59	
23800047	5			1	1	23800047	1	1	200		10000_1001_10		1	2023-9-14 00:00:00	2023-9-20 23:59:59	
23800048	5			1	1	23800048	1	1	200		10000_1001_10		1	2023-9-14 00:00:00	2023-9-20 23:59:59	
23800049	5			1	1	23800049	1	1	200		10000_1001_10		1	2023-9-29 00:00:00	2023-10-6 23:59:59	
23800050	5			1	1	23800050	1	1	200		10000_1001_10		1	2023-9-29 00:00:00	2023-10-6 23:59:59	
23800051	5			1	1	23800051	1	1	200		10000_1001_10		1	2023-10-17 00:00:00	2023-10-23 23:59:59	
23800052	5			1	1	23800052	1	1	200		10000_1001_10		1	2023-10-17 00:00:00	2023-10-23 23:59:59	
23800053	5			1	1	23800053	1	1	200		10000_1001_10		1	2023-11-10 00:00:00	2023-11-14 23:59:59	
23800054	5			1	1	23800054	1	1	200		10000_1001_10		1	2023-11-10 00:00:00	2023-11-14 23:59:59	
23800055	5			1	1	23800055	1	1	200		10000_1001_10		1	2023-11-24 00:00:00	2023-11-30 23:59:59	
23800056	5			1	1	23800056	1	1	200		10000_1001_10		1	2023-11-24 00:00:00	2023-11-30 23:59:59	
23800057	5			1	1	23800057	1	1	200		10000_1001_10		1	2023-12-12 00:00:00	2023-12-16 23:59:59	
23800058	5			1	1	23800058	1	1	200		10000_1001_10		1	2023-12-12 00:00:00	2023-12-16 23:59:59	
23800059	5			1	1	23800059	1	1	200		10000_1001_10		1	2023-12-24 00:00:00	2023-12-31 23:59:59	
23800060	5			1	1	23800060	1	1	200		10000_1001_10		1	2023-12-24 00:00:00	2023-12-31 23:59:59	
23800061	5			1	1	23800061	1	1	200		10000_1001_10		1	2024-1-15 00:00:00	2024-1-21 23:59:59	
23800062	5			1	1	23800062	1	1	200		10000_1001_10		1	2024-1-15 00:00:00	2024-1-21 23:59:59	
23800063	5			1	1	23800063	1	1	200		10000_1001_10		1	2024-1-27 00:00:00	2024-1-31 23:59:59	
23800064	5			1	1	23800064	1	1	200		10000_1001_10		1	2024-1-27 00:00:00	2024-1-31 23:59:59	
23800065	5			1	1	23800065	1	1	200		10000_1001_10		1	2024-2-9 00:00:00	2024-2-15 23:59:59	
23800066	5			1	1	23800066	1	1	200		10000_1001_10		1	2024-2-9 00:00:00	2024-2-15 23:59:59	
23800067	5			1	1	23800067	1	1	200		10000_1001_10		1	2024-2-24 00:00:00	2024-2-29 23:59:59	
23800068	5			1	1	23800068	1	1	200		10000_1001_10		1	2024-2-24 00:00:00	2024-2-29 23:59:59	
23800069	5			1	1	23800069	1	1	200		10000_1001_10		1	2024-3-12 00:00:00	2024-3-18 23:59:59	
23800070	5			1	1	23800070	1	1	200		10000_1001_10		1	2024-3-12 00:00:00	2024-3-18 23:59:59	
23800071	5			1	1	23800071	1	1	200		10000_1001_10		1	2024-3-29 00:00:00	2024-4-4 23:59:59	
23800072	5			1	1	23800072	1	1	200		10000_1001_10		1	2024-3-29 00:00:00	2024-4-4 23:59:59	
23800073	5			1	1	23800073	1	1	200		10000_1001_10		1	2024-4-16 00:00:00	2024-4-22 23:59:59	
23800074	5			1	1	23800074	1	1	200		10000_1001_10		1	2024-4-16 00:00:00	2024-4-22 23:59:59	
23800075	5			1	1	23800075	1	1	200		10000_1001_10		1	2024-4-28 00:00:00	2024-5-4 23:59:59	
23800076	5			1	1	23800076	1	1	200		10000_1001_10		1	2024-4-28 00:00:00	2024-5-4 23:59:59	
23800077	5			1	1	23800077	1	1	200		10000_1001_10		1	2024-5-22 00:00:00	2024-5-27 23:59:59	
23800078	5			1	1	23800078	1	1	200		10000_1001_10		1	2024-5-22 00:00:00	2024-5-27 23:59:59	
23800079	5			1	1	23800079	1	1	200		10000_1001_10		1	2024-6-8 00:00:00	2024-6-14 23:59:59	
23800080	5			1	1	23800080	1	1	200		10000_1001_10		1	2024-6-8 00:00:00	2024-6-14 23:59:59	
23800081	5			1	1	23800081	1	1	200		10000_1001_10		1	2024-6-22 00:00:00	2024-6-27 23:59:59	
23800082	5			1	1	23800082	1	1	200		10000_1001_10		1	2024-6-22 00:00:00	2024-6-27 23:59:59	
23800083	5			1	1	23800083	1	1	200		10000_1001_10		1	2024-7-13 00:00:00	2024-7-19 23:59:59	
23800084	5			1	1	23800084	1	1	200		10000_1001_10		1	2024-7-13 00:00:00	2024-7-19 23:59:59	
23800085	1			1	1	802005	1	17	60		10000_1000_10		1001			
23800086	5			1	1	23800085	1	1	200		10000_1001_10		1	2024-7-26 00:00:00	2024-7-31 23:59:59	
23800087	5			1	1	23800086	1	1	200		10000_1001_10		1	2024-7-26 00:00:00	2024-7-31 23:59:59	
23800088	5			1	1	23800087	1	1	200		10000_1001_10		1	2024-8-10 00:00:00	2024-8-16 23:59:59	
23800089	5			1	1	23800088	1	1	200		10000_1001_10		1	2024-8-10 00:00:00	2024-8-16 23:59:59	
23800090	5			1	1	23800089	1	1	200		10000_1001_10		1	2024-8-25 00:00:00	2024-8-30 23:59:59	
23800091	5			1	1	23800090	1	1	200		10000_1001_10		1	2024-8-25 00:00:00	2024-8-30 23:59:59	
23800092	5			1	1	23800091	1	1	200		10000_1001_10		1	2024-9-17 00:00:00	2024-9-23 23:59:59	
23800093	5			1	1	23800092	1	1	200		10000_1001_10		1	2024-9-17 00:00:00	2024-9-23 23:59:59	
23800134	1			1	1	1300037	1	45	10		10000_1000_30		994			
23800127	1			1	1	21070056	1	35	30		10000_1000_10		995			
23800112	1			1	1	21065001	1	38	50		10000_1000_30		996			
23800094	1			1	1	9990041	1	30	50		10000_1000_3		997			
23800095	1			1	1	9990042	1	30	10		10000_1000_15		998			
23800096	1			1	1	9990051	1	30	25		10000_1000_6		999			
23800097	1			1	1	9990052	1	30	5		10000_1000_30		1000			
23800098	5			1	1	23800093	1	1	200		10000_1001_10		1	2024-9-28 00:00:00	2024-10-05 23:59:59	
23800099	5			1	1	23800094	1	1	200		10000_1001_10		1	2024-9-28 00:00:00	2024-10-05 23:59:59	
23800100	5			1	1	23800095	1	1	200		10000_1001_10		1	2024-10-7 00:00:00	2024-10-31 23:59:59	
23800101	5			1	1	23800096	1	1	200		10000_1001_10		1	2024-10-7 00:00:00	2024-10-31 23:59:59	
23800102	5			1	1	23800097	1	1	200		10000_1001_10		1	2024-11-11 00:00:00	2024-11-17 23:59:59	
23800103	5			1	1	23800098	1	1	200		10000_1001_10		1	2024-11-11 00:00:00	2024-11-17 23:59:59	
23800104	5			1	1	23800099	1	1	200		10000_1001_10		1	2024-11-28 00:00:00	2024-12-04 23:59:59	
23800105	5			1	1	23800100	1	1	200		10000_1001_10		1	2024-11-28 00:00:00	2024-12-04 23:59:59	
23800106	5			1	1	23800101	1	1	200		10000_1001_10		1	2024-12-12 00:00:00	2024-12-18 23:59:59	
23800107	5			1	1	23800102	1	1	200		10000_1001_10		1	2024-12-12 00:00:00	2024-12-18 23:59:59	
23800108	5			1	1	23800103	1	1	200		10000_1001_10		1	2024-12-25 00:00:00	2025-1-3 23:59:59	
23800109	5			1	1	23800104	1	1	200		10000_1001_10		1	2024-12-25 00:00:00	2025-1-3 23:59:59	
23800110	5			1	1	23800105	1	1	200		10000_1001_10		1	2025-1-14 00:00:00	2025-1-20 23:59:59	
23800111	5			1	1	23800106	1	1	200		10000_1001_10		1	2025-1-14 00:00:00	2025-1-20 23:59:59	
23800113	5			1	1	23800107	1	1	200		10000_1001_10		1	2025-1-28 00:00:00	2025-2-4 23:59:59	
23800114	5			1	1	23800108	1	1	200		10000_1001_10		1	2025-1-28 00:00:00	2025-2-4 23:59:59	
23800115	5			1	1	23800109	1	1	200		10000_1001_10		1	2025-2-14 00:00:00	2025-2-20 23:59:59	
23800116	5			1	1	23800110	1	1	200		10000_1001_10		1	2025-2-14 00:00:00	2025-2-20 23:59:59	
23800117	5			1	1	23800111	1	1	200		10000_1001_10		1	2025-2-28 00:00:00	2025-3-6 23:59:59	
23800118	5			1	1	23800112	1	1	200		10000_1001_10		1	2025-2-28 00:00:00	2025-3-6 23:59:59	
23800119	5			1	1	23800113	1	1	200		10000_1001_10		1	2025-3-21 00:00:00	2025-3-27 23:59:59	
23800120	5			1	1	23800114	1	1	200		10000_1001_10		1	2025-3-21 00:00:00	2025-3-27 23:59:59	
23800121	5			1	1	23800115	1	1	200		10000_1001_10		1	2025-4-3 00:00:00	2025-4-9 23:59:59	
23800122	5			1	1	23800116	1	1	200		10000_1001_10		1	2025-4-3 00:00:00	2025-4-9 23:59:59	
23800123	5			1	1	23800117	1	1	200		10000_1001_10		1	2025-4-18 00:00:00	2025-4-27 23:59:59	
23800124	5			1	1	23800118	1	1	200		10000_1001_10		1	2025-4-18 00:00:00	2025-4-27 23:59:59	
23800125	5			1	1	23800119	1	1	200		10000_1001_10		1	2025-5-1 00:00:00	2025-5-7 23:59:59	
23800126	5			1	1	23800120	1	1	200		10000_1001_10		1	2025-5-1 00:00:00	2025-5-7 23:59:59	
23800128	5			1	1	23800121	1	1	200		10000_1001_10		1	2025-5-16 00:00:00	2025-5-22 23:59:59	
23800129	5			1	1	23800122	1	1	200		10000_1001_10		1	2025-5-16 00:00:00	2025-5-22 23:59:59	
23800130	5			1	1	23800123	1	1	200		10000_1001_10		1	2025-5-30 00:00:00	2025-6-5 23:59:59	
23800131	5			1	1	23800124	1	1	200		10000_1001_10		1	2025-5-30 00:00:00	2025-6-5 23:59:59	
23800132	5			1	1	23800127	1	1	200		10000_1001_10		1	2025-7-18 00:00:00	2025-8-2 23:59:59	
23800133	5			1	1	23800128	1	1	200		10000_1001_10		1	2025-7-18 00:00:00	2025-8-2 23:59:59	
23800135	5			1	1	23800129	1	1	200		10000_1001_10		1	2025-8-17 00:00:00	2025-8-23 23:59:59	
23800136	5			1	1	23800130	1	1	200		10000_1001_10		1	2025-8-17 00:00:00	2025-8-23 23:59:59	
]],

}