return {
	prop =
	{
		activityId = 341,
		name = [[邀请互通]],
		title = [[规则说明]],
		tips = [[<font color="#adb0c0" face = "Microsoft YaHei" fontsize ="20">1.活动正式开始前5分钟（即8月7日23点55分），将确认本服的盟军司令出任邀请互通的<font color="#f5d99d" face = "Font/HiraginoSansGB-W3.ttf" fontsize ="20">执行官</font>，若本服无盟军司令则由战力第一联盟的盟主担任。互通执行官确认后本期邀请互通活动不再更换人选。<br/>2.互通执行官可选择<font color="#f5d99d" face = "Font/HiraginoSansGB-W3.ttf" fontsize ="20">邀请</font>指定区服作为战时数据互通目标，对方区服的互通执行官<font color="#f5d99d" face = "Font/HiraginoSansGB-W3.ttf" fontsize ="20">通过邀请</font>后，即完成匹配，等待进入玩家投票阶段。<br/>3.<font color="#f5d99d" face = "Font/HiraginoSansGB-W3.ttf" fontsize ="20">系统将根据各国家的综合数据，把所有可参与战时互通的国家分为【王者国家、强盛国家、卓越国家】三个类型</font>。<br/>4.<font color="#f5d99d" face = "Font/HiraginoSansGB-W3.ttf" fontsize ="20">王者国家只可与卓越国家相互邀请；强盛国家可与强盛国家和卓越国家相互邀请；卓越国家可以与所有国家相互邀请。</font><br/>5.<font color="#f5d99d" face = "Font/HiraginoSansGB-W3.ttf" fontsize ="20">相互邀请完成匹配后不可再更换匹配目标，请您慎重选择</font>。<br/>6.每个区服同时只能发出一条互通邀请，<font color="#f5d99d" face = "Font/HiraginoSansGB-W3.ttf" fontsize ="20">可撤回已发出的互通邀请</font>。<br/>7.在玩家投票阶段，<font color="#f5d99d" face = "Font/HiraginoSansGB-W3.ttf" fontsize ="20">去兵战力排行榜前100名</font>的玩家拥有投票权限(活动正式开始前5分钟确认权限，确认后不再更改），可选择<font color="#f5d99d" face = "Font/HiraginoSansGB-W3.ttf" fontsize ="20">【支持】或者【反对】</font>与目标服互通。<br/>8.投票阶段完成后，若双方区服【支持】票的数量均大于等于【反对】票数量，则完成最终匹配，后续会按该计划进行战时数据互通互通。<br/>9.投票阶段完成后，若任一区服【支持】票的数量小于【反对】票数量，则取消匹配，将进行第二轮互通目标邀请。<br/>10.活动期间一共拥有<font color="#f5d99d" face = "Font/HiraginoSansGB-W3.ttf" fontsize ="20">2轮互通目标邀请机会</font>，若均未完成最终匹配，则将由官方安排战时数据互通目标。</font>]],
		priority = 20000,
		icon = [[Activity_Icon_341_Nor.png]],
		selecticon = [[Activity_Icon_341_Sel.png]],
		rankTimeShow = [[2024年12月18日00:00:00]],
		votingPlayerNum = 100,
		buttonDisplayTime = [[2025-8-6 00:00:00]],
	},
	merge_invite_server_rank = [[id	areaId	serverId	power	rank	type
1	1	1	1	1	1
10002	1	10002	10000	1	1
10009	1	10009	9990	2	1
10024	1	10024	9980	3	1
10029	1	10029	9970	4	1
10036	1	10036	9960	5	1
10067	1	10067	9950	6	1
10166	1	10166	9940	7	1
10421	1	10421	9930	8	1
10491	1	10491	9920	9	1
20072	1	20072	9910	10	1
10001	1	10001	9900	11	2
10013	1	10013	9890	12	2
10022	1	10022	9880	13	2
10032	1	10032	9870	14	2
10043	1	10043	9860	15	2
10047	1	10047	9850	16	2
10097	1	10097	9840	17	2
10124	1	10124	9830	18	2
10159	1	10159	9820	19	2
10337	1	10337	9810	20	2
10347	1	10347	9800	21	2
10453	1	10453	9790	22	2
10532	1	10532	9780	23	2
10590	1	10590	9770	24	2
10645	1	10645	9760	25	2
10666	1	10666	9750	26	2
10716	1	10716	9740	27	2
10732	1	10732	9730	28	2
10789	1	10789	9720	29	2
10837	1	10837	9710	30	2
20004	1	20004	9700	31	2
20018	1	20018	9690	32	2
20021	1	20021	9680	33	2
20144	1	20144	9670	34	2
20171	1	20171	9660	35	2
20186	1	20186	9650	36	2
20225	1	20225	9640	37	2
20289	1	20289	9630	38	2
20313	1	20313	9620	39	2
20387	1	20387	9610	40	2
10004	1	10004	9600	41	3
10005	1	10005	9590	42	3
10011	1	10011	9580	43	3
10016	1	10016	9570	44	3
10018	1	10018	9560	45	3
10026	1	10026	9550	46	3
10041	1	10041	9540	47	3
10045	1	10045	9530	48	3
10056	1	10056	9520	49	3
10072	1	10072	9510	50	3
10140	1	10140	9500	51	3
10144	1	10144	9490	52	3
10149	1	10149	9480	53	3
10160	1	10160	9470	54	3
10162	1	10162	9460	55	3
10183	1	10183	9450	56	3
10206	1	10206	9440	57	3
10222	1	10222	9430	58	3
10231	1	10231	9420	59	3
10232	1	10232	9410	60	3
10241	1	10241	9400	61	3
10253	1	10253	9390	62	3
10267	1	10267	9380	63	3
10270	1	10270	9370	64	3
10275	1	10275	9360	65	3
10293	1	10293	9350	66	3
10300	1	10300	9340	67	3
10311	1	10311	9330	68	3
10326	1	10326	9320	69	3
10331	1	10331	9310	70	3
10334	1	10334	9300	71	3
10340	1	10340	9290	72	3
10343	1	10343	9280	73	3
10362	1	10362	9270	74	3
10401	1	10401	9260	75	3
10411	1	10411	9250	76	3
10441	1	10441	9240	77	3
10448	1	10448	9230	78	3
10459	1	10459	9220	79	3
10469	1	10469	9210	80	3
10474	1	10474	9200	81	3
10480	1	10480	9190	82	3
10494	1	10494	9180	83	3
10506	1	10506	9170	84	3
10512	1	10512	9160	85	3
10513	1	10513	9150	86	3
10545	1	10545	9140	87	3
10549	1	10549	9130	88	3
10561	1	10561	9120	89	3
10569	1	10569	9110	90	3
10575	1	10575	9100	91	3
10585	1	10585	9090	92	3
10595	1	10595	9080	93	3
10607	1	10607	9070	94	3
10609	1	10609	9060	95	3
10622	1	10622	9050	96	3
10624	1	10624	9040	97	3
10634	1	10634	9030	98	3
10647	1	10647	9020	99	3
10657	1	10657	9010	100	3
10677	1	10677	9000	101	3
10686	1	10686	8990	102	3
10693	1	10693	8980	103	3
10703	1	10703	8970	104	3
10705	1	10705	8960	105	3
10722	1	10722	8950	106	3
10731	1	10731	8940	107	3
10744	1	10744	8930	108	3
10754	1	10754	8920	109	3
10764	1	10764	8910	110	3
10777	1	10777	8900	111	3
10785	1	10785	8890	112	3
10797	1	10797	8880	113	3
10805	1	10805	8870	114	3
10813	1	10813	8860	115	3
10821	1	10821	8850	116	3
10825	1	10825	8840	117	3
10841	1	10841	8830	118	3
10851	1	10851	8820	119	3
10856	1	10856	8810	120	3
10869	1	10869	8800	121	3
10877	1	10877	8790	122	3
10885	1	10885	8780	123	3
10893	1	10893	8770	124	3
10901	1	10901	8760	125	3
10909	1	10909	8750	126	3
20001	1	20001	8740	127	3
20006	1	20006	8730	128	3
20008	1	20008	8720	129	3
20011	1	20011	8710	130	3
20015	1	20015	8700	131	3
20020	1	20020	8690	132	3
20032	1	20032	8680	133	3
20058	1	20058	8670	134	3
20080	1	20080	8660	135	3
20099	1	20099	8650	136	3
20107	1	20107	8640	137	3
20119	1	20119	8630	138	3
20124	1	20124	8620	139	3
20126	1	20126	8610	140	3
20136	1	20136	8600	141	3
20159	1	20159	8590	142	3
20169	1	20169	8580	143	3
20182	1	20182	8570	144	3
20198	1	20198	8560	145	3
20207	1	20207	8550	146	3
20215	1	20215	8540	147	3
20221	1	20221	8530	148	3
20241	1	20241	8520	149	3
20245	1	20245	8510	150	3
20255	1	20255	8500	151	3
20265	1	20265	8490	152	3
20271	1	20271	8480	153	3
20275	1	20275	8470	154	3
20293	1	20293	8460	155	3
20305	1	20305	8450	156	3
20315	1	20315	8440	157	3
20323	1	20323	8430	158	3
20334	1	20334	8420	159	3
20345	1	20345	8410	160	3
20352	1	20352	8400	161	3
20354	1	20354	8390	162	3
20369	1	20369	8380	163	3
20377	1	20377	8370	164	3
20379	1	20379	8360	165	3
20395	1	20395	8350	166	3
20406	1	20406	8340	167	3
20413	1	20413	8330	168	3
]],
	merge_invite_ai_match = [[id	areaId	serverIdA	serverIdB
1	1	1	1
]],
	merge_invite_rule = [[id	typeA	typeB	isRule
1	1	1	1
1	1	1	
2	1	2	
3	1	3	1
4	1	4	
5	2	1	
6	2	2	1
7	2	3	1
8	2	4	
9	3	1	1
10	3	2	1
11	3	3	1
12	3	4	
13	4	1	
14	4	2	
15	4	3	
16	4	4	
]],

}