8de-3l5be7-5,10850,3,55
8du-3o0m22-n,10866,1,71
8c3-3cpoll-c,10803,3,52
8e9-3qoyzr-6,10881,4,14
8df-3la782-5,10851,3,99
8ab-314kj3-a,10739,5,47
7sn-hxz0t-58,10103,6,84
fk8-tv6u4-7,20168,6,91
8c3-3cos6t-2,10803,4,85
8aa-3128jo-j,10701,6,98
8ca-3dzlyr-4,10810,6,81
8de-3l5hp3-s,10850,3,64
fns-217yr2-3,20296,4,96
81y-19laxf-2v,10438,1,64
8ep-3taye1-2,10897,2,31
fi9-kngz9-1m,20097,2,81
8du-3o0m22-n,10866,4,53
8ep-3tbz0z-a,10897,4,82
8ep-3tbz0z-a,10897,2,28
8f4-3vtn3f-6,10912,1,15
863-29wk8v-2,10587,6,51
7vl-nhlny-5,10209,7,71
8ej-3shfnn-a,10891,1,41
8ej-3shfnn-a,10891,2,2
8ej-3shfnn-a,10891,7,13
8ej-3shfnn-a,10891,6,9
8ej-3shfnn-a,10891,5,4
7zd-10e3zg-4,10345,4,92
8du-3o2fyd-1a,10866,2,64
8du-3o1wcq-a,10866,1,87
8du-3o1wcq-a,10866,6,80
8ev-3ua9zi-9,10903,4,65
fm0-16hysb-x,20232,7,39
7qe-hpkjy-27,10022,6,80
flq-153vqx-1,20222,2,60
8di-3luqel-2,10854,2,96
8dg-3lm4v4-c,10852,1,97
7tu-ja6b1-e,10146,2,91
fqt-36e6ci-1,20405,2,79
8df-3ld4cr-b,10851,7,93
8cj-3fjw3n-9,10819,3,56
8f3-3vim8w-2,10911,1,27
8by-3cdrdq-1,10798,6,86
8cs-3h9nkz-1,10828,6,78
8cs-3h9nkz-1,10828,2,50
8du-3o35r5-l,10866,3,96
896-2tsfw7-15,10698,7,69
8e9-3qqj2e-10,10881,1,90
8cy-3ib6nw-16,10834,3,90
8ep-3tb67j-1,10897,4,61
fpa-2mogvm-1,20350,3,84
8c9-3dssg2-7,10809,1,95
81o-18dde5-l,10428,5,87
7z1-zejxa-4k,10333,2,99
8ey-3uuor2-g,10906,4,30
80x-15pabg-16,10401,2,66
8f4-3vvk4f-1,10912,2,14
7qf-hpqiv-16,10023,1,93
8f6-3w34hb-3,10914,4,22
8ep-3t87yz-i,10897,1,59
88y-2sbjzt-17,10690,1,66
8d9-3k7nyu-p,10845,2,97
8du-3o07m1-d,10866,3,53
807-12rfbt-3l,10375,6,80
807-12rfbt-3l,10375,5,57
8f8-3w936e-c,10916,3,2
8f8-3w936e-c,10916,7,4
8f3-3vmnj4-b,10911,4,63
8ep-3t7y9p-i,10897,7,66
fjr-qxj2h-d,20151,4,77
8f7-3w8p2u-b,10915,5,0
8cy-3ibrsf-k,10834,2,79
8d6-3jriil-k,10842,4,65
8f3-3vllxb-j,10911,4,26
8f3-3vllxb-j,10911,6,4
8f5-3vw8qa-1,10913,5,30
8f5-3vw8qa-1,10913,7,9
fkr-y0fl3-4,20187,1,78
8eu-3u3qjh-5,10902,1,26
8f4-3vqfih-6,10912,5,26
8f4-3vqfih-6,10912,4,16
850-22gsqd-7,10548,6,84
8dv-3oa8ka-d,10867,5,68
7s0-htnmm-37,10080,3,94
8f3-3vl9n1-7,10911,4,23
