fgg-hqlgq-47;20072;928000;0;0;0
fgg-hqlwt-a;20072;928000;0;0;0
fgg-hrhof-b;20072;928000;0;0;0
fhk-ina5i-h;20072;928000;0;0;0
fhk-invat-e;20072;928000;0;0;0
fib-ksvit-4;20072;928000;0;0;0
fie-l81ey-j;20072;928000;0;0;0
fig-lcovc-b;20072;928000;0;0;0
fih-lgpx7-o;20072;928000;0;0;0
fih-lhcec-q;20072;928000;0;0;0
fih-lhgiz-6;20072;928000;0;0;0
fih-lj0e0-6;20072;928000;0;0;0
fiq-mhq9a-5;20072;928000;0;0;0
fjf-p8ldb-6;20072;928000;0;0;0
fjh-piu4n-1;20072;928000;0;0;0
fjq-qpmlw-b;20072;928000;0;0;0
fjq-qrzbh-9;20072;928000;0;0;0
fjs-r59rr-g;20072;928000;0;0;0
fgl-hsate-3r;20072;928000;0;0;0
fgs-hu88h-93;20072;928000;0;0;0
fh3-hz4h8-9i;20072;928000;0;0;0
fh8-i64zd-5u;20072;928000;0;0;0
fh9-i7nso-a;20072;928000;0;0;0
fhf-ighhb-1d;20072;928000;0;0;0
fhm-ipk73-1t;20072;928000;0;0;0
fho-iv2xy-35;20072;928000;0;0;0
fic-kwcge-l;20072;928000;0;0;0
fig-ldney-1h;20072;928000;0;0;0
fii-lm3y6-a;20072;928000;0;0;0
fii-lmx20-3;20072;928000;0;0;0
fjj-pt1i7-i;20072;928000;0;0;0
fjs-r5yac-5;20072;928000;0;0;0
fmp-1cfbdk-a;20072;928000;0;0;0
fgl-hs68t-1f;20072;928000;0;0;0
fgl-hs9o4-5q;20072;928000;0;0;0
fgs-hvh9d-i;20072;928000;0;0;0
fh2-hxw4v-f;20072;928000;0;0;0
fh8-i6bk4-24;20072;928000;0;0;0
fhf-ifwol-13;20072;928000;0;0;0
fhm-iqzga-17;20072;928000;0;0;0
fhn-ishgr-q;20072;928000;0;0;0
fic-l3xe4-h;20072;928000;0;0;0
fie-l3va6-f;20072;928000;0;0;0
fii-lkues-8;20072;928000;0;0;0
fii-lm4rq-17;20072;928000;0;0;0
fjd-oz7ut-1q;20072;928000;0;0;0
fjf-p6ppn-d;20072;928000;0;0;0
fjq-qogs5-3;20072;928000;0;0;0
fjs-r37fr-5;20072;928000;0;0;0
fh2-hyzkw-1c;20072;928000;0;0;0
fh3-hyoql-h;20072;928000;0;0;0
fh3-hz2wo-1q;20072;928000;0;0;0
fhk-inooz-1;20072;928000;0;0;0
fih-ljebt-r;20072;928000;0;0;0
fio-maxzg-d;20072;928000;0;0;0
fj1-nhrug-q;20072;928000;0;0;0
fj7-o76e1-2u;20072;928000;0;0;0
fjh-pj95x-2;20072;928000;0;0;0
fjh-pl3jg-5;20072;928000;0;0;0
fjj-psppg-7;20072;928000;0;0;0
fjn-qeqo3-2;20072;928000;0;0;0
fgg-hr0e8-g;20072;928000;0;0;0
fhk-invle-1m;20072;928000;0;0;0
fhm-ipt2n-32;20072;928000;0;0;0
fho-iufuj-u;20072;928000;0;0;0
fif-l9jd9-k;20072;928000;0;0;0
fjd-ovc3n-6;20072;928000;0;0;0
fjd-ozh2k-q;20072;928000;0;0;0
fjs-r735s-2;20072;928000;0;0;0
fmp-1cgpmb-5;20072;928000;0;0;0
fgl-ht0sf-x;20072;928000;0;0;0
fgs-hu7vu-ab;20072;928000;0;0;0
fgs-hu8u7-4q;20072;928000;0;0;0
fhf-ifvy2-3;20072;928000;0;0;0
fhm-iqjk0-q;20072;928000;0;0;0
fia-kred2-1l;20072;928000;0;0;0
fif-l7l6w-6;20072;928000;0;0;0
fj7-o7qj2-h;20072;928000;0;0;0
fjc-orrda-30;20072;928000;0;0;0
fjh-pfuej-p;20072;928000;0;0;0
fjp-qmiu7-a;20072;928000;0;0;0
fgs-hu86g-62;20072;928000;0;0;0
fhk-ind6l-1r;20072;928000;0;0;0
fib-ksv8v-3v;20072;928000;0;0;0
fih-lgxgw-c;20072;928000;0;0;0
fii-ll507-3j;20072;928000;0;0;0
fii-ll99g-19;20072;928000;0;0;0
fjh-pgc3z-l;20072;928000;0;0;0
fjj-pp4ke-d;20072;928000;0;0;0
fjj-ppdl8-4;20072;928000;0;0;0
fjq-qph5v-3;20072;928000;0;0;0
fjs-r3tr2-6;20072;928000;0;0;0
fjs-r50ae-j;20072;928000;0;0;0
fgg-hqf9l-fu;20072;928000;0;0;0
fgs-hu7or-x;20072;928000;0;0;0
fh3-hymdi-18;20072;928000;0;0;0
fh3-hymo1-n;20072;928000;0;0;0
fh3-hzqzq-3;20072;928000;0;0;0
fh8-i6sp8-52;20072;928000;0;0;0
fh9-i747h-g;20072;928000;0;0;0
fhm-iqp0s-o;20072;928000;0;0;0
fhm-irh6c-4;20072;928000;0;0;0
fhn-isma4-3;20072;928000;0;0;0
fia-kqw84-10;20072;928000;0;0;0
fid-l2orc-14;20072;928000;0;0;0
fie-l4fp6-37;20072;928000;0;0;0
fih-lijap-3h;20072;928000;0;0;0
fiq-mjfre-c;20072;928000;0;0;0
fjp-qkvon-a;20072;928000;0;0;0
fjq-qse3r-2;20072;928000;0;0;0
fgg-i8tjv-g;20072;928000;0;0;0
fhn-itfcm-2e;20072;928000;0;0;0
fhn-iu1w6-c;20072;928000;0;0;0
fho-iwn7o-1c;20072;928000;0;0;0
fia-krsi0-14;20072;928000;0;0;0
fie-l4s8u-1o;20072;928000;0;0;0
fif-la6s8-1;20072;928000;0;0;0
fih-lj8dm-4;20072;928000;0;0;0
fj1-nit4i-f;20072;928000;0;0;0
fjj-pp7gc-o;20072;928000;0;0;0
fgg-hqlgq-47;20072;2333180;2;133;15552000
fgg-hqlwt-a;20072;2333180;2;133;15552000
fgg-hrhof-b;20072;2333180;2;133;15552000
fhk-ina5i-h;20072;2333180;2;133;15552000
fhk-invat-e;20072;2333180;2;133;15552000
fib-ksvit-4;20072;2333180;2;133;15552000
fie-l81ey-j;20072;2333180;2;133;15552000
fig-lcovc-b;20072;2333180;2;133;15552000
fih-lgpx7-o;20072;2333180;2;133;15552000
fih-lhcec-q;20072;2333180;2;133;15552000
fih-lhgiz-6;20072;2333180;2;133;15552000
fih-lj0e0-6;20072;2333180;2;133;15552000
fiq-mhq9a-5;20072;2333180;2;133;15552000
fjf-p8ldb-6;20072;2333180;2;133;15552000
fjh-piu4n-1;20072;2333180;2;133;15552000
fjq-qpmlw-b;20072;2333180;2;133;15552000
fjq-qrzbh-9;20072;2333180;2;133;15552000
fjs-r59rr-g;20072;2333180;2;133;15552000
fgl-hsate-3r;20072;2333180;2;133;15552000
fgs-hu88h-93;20072;2333180;2;133;15552000
fh3-hz4h8-9i;20072;2333180;2;133;15552000
fh8-i64zd-5u;20072;2333180;2;133;15552000
fh9-i7nso-a;20072;2333180;2;133;15552000
fhf-ighhb-1d;20072;2333180;2;133;15552000
fhm-ipk73-1t;20072;2333180;2;133;15552000
fho-iv2xy-35;20072;2333180;2;133;15552000
fic-kwcge-l;20072;2333180;2;133;15552000
fig-ldney-1h;20072;2333180;2;133;15552000
fii-lm3y6-a;20072;2333180;2;133;15552000
fii-lmx20-3;20072;2333180;2;133;15552000
fjj-pt1i7-i;20072;2333180;2;133;15552000
fjs-r5yac-5;20072;2333180;2;133;15552000
fmp-1cfbdk-a;20072;2333180;2;133;15552000
fgl-hs68t-1f;20072;2333180;2;133;15552000
fgl-hs9o4-5q;20072;2333180;2;133;15552000
fgs-hvh9d-i;20072;2333180;2;133;15552000
fh2-hxw4v-f;20072;2333180;2;133;15552000
fh8-i6bk4-24;20072;2333180;2;133;15552000
fhf-ifwol-13;20072;2333180;2;133;15552000
fhm-iqzga-17;20072;2333180;2;133;15552000
fhn-ishgr-q;20072;2333180;2;133;15552000
fic-l3xe4-h;20072;2333180;2;133;15552000
fie-l3va6-f;20072;2333180;2;133;15552000
fii-lkues-8;20072;2333180;2;133;15552000
fii-lm4rq-17;20072;2333180;2;133;15552000
fjd-oz7ut-1q;20072;2333180;2;133;15552000
fjf-p6ppn-d;20072;2333180;2;133;15552000
fjq-qogs5-3;20072;2333180;2;133;15552000
fjs-r37fr-5;20072;2333180;2;133;15552000
fh2-hyzkw-1c;20072;2333180;2;133;15552000
fh3-hyoql-h;20072;2333180;2;133;15552000
fh3-hz2wo-1q;20072;2333180;2;133;15552000
fhk-inooz-1;20072;2333180;2;133;15552000
fih-ljebt-r;20072;2333180;2;133;15552000
fio-maxzg-d;20072;2333180;2;133;15552000
fj1-nhrug-q;20072;2333180;2;133;15552000
fj7-o76e1-2u;20072;2333180;2;133;15552000
fjh-pj95x-2;20072;2333180;2;133;15552000
fjh-pl3jg-5;20072;2333180;2;133;15552000
fjj-psppg-7;20072;2333180;2;133;15552000
fjn-qeqo3-2;20072;2333180;2;133;15552000
fgg-hr0e8-g;20072;2333180;2;133;15552000
fhk-invle-1m;20072;2333180;2;133;15552000
fhm-ipt2n-32;20072;2333180;2;133;15552000
fho-iufuj-u;20072;2333180;2;133;15552000
fif-l9jd9-k;20072;2333180;2;133;15552000
fjd-ovc3n-6;20072;2333180;2;133;15552000
fjd-ozh2k-q;20072;2333180;2;133;15552000
fjs-r735s-2;20072;2333180;2;133;15552000
fmp-1cgpmb-5;20072;2333180;2;133;15552000
fgl-ht0sf-x;20072;2333180;2;133;15552000
fgs-hu7vu-ab;20072;2333180;2;133;15552000
fgs-hu8u7-4q;20072;2333180;2;133;15552000
fhf-ifvy2-3;20072;2333180;2;133;15552000
fhm-iqjk0-q;20072;2333180;2;133;15552000
fia-kred2-1l;20072;2333180;2;133;15552000
fif-l7l6w-6;20072;2333180;2;133;15552000
fj7-o7qj2-h;20072;2333180;2;133;15552000
fjc-orrda-30;20072;2333180;2;133;15552000
fjh-pfuej-p;20072;2333180;2;133;15552000
fjp-qmiu7-a;20072;2333180;2;133;15552000
fgs-hu86g-62;20072;2333180;2;133;15552000
fhk-ind6l-1r;20072;2333180;2;133;15552000
fib-ksv8v-3v;20072;2333180;2;133;15552000
fih-lgxgw-c;20072;2333180;2;133;15552000
fii-ll507-3j;20072;2333180;2;133;15552000
fii-ll99g-19;20072;2333180;2;133;15552000
fjh-pgc3z-l;20072;2333180;2;133;15552000
fjj-pp4ke-d;20072;2333180;2;133;15552000
fjj-ppdl8-4;20072;2333180;2;133;15552000
fjq-qph5v-3;20072;2333180;2;133;15552000
fjs-r3tr2-6;20072;2333180;2;133;15552000
fjs-r50ae-j;20072;2333180;2;133;15552000
fgg-hqf9l-fu;20072;2333180;2;133;15552000
fgs-hu7or-x;20072;2333180;2;133;15552000
fh3-hymdi-18;20072;2333180;2;133;15552000
fh3-hymo1-n;20072;2333180;2;133;15552000
fh3-hzqzq-3;20072;2333180;2;133;15552000
fh8-i6sp8-52;20072;2333180;2;133;15552000
fh9-i747h-g;20072;2333180;2;133;15552000
fhm-iqp0s-o;20072;2333180;2;133;15552000
fhm-irh6c-4;20072;2333180;2;133;15552000
fhn-isma4-3;20072;2333180;2;133;15552000
fia-kqw84-10;20072;2333180;2;133;15552000
fid-l2orc-14;20072;2333180;2;133;15552000
fie-l4fp6-37;20072;2333180;2;133;15552000
fih-lijap-3h;20072;2333180;2;133;15552000
fiq-mjfre-c;20072;2333180;2;133;15552000
fjp-qkvon-a;20072;2333180;2;133;15552000
fjq-qse3r-2;20072;2333180;2;133;15552000
fgg-i8tjv-g;20072;2333180;2;133;15552000
fhn-itfcm-2e;20072;2333180;2;133;15552000
fhn-iu1w6-c;20072;2333180;2;133;15552000
fho-iwn7o-1c;20072;2333180;2;133;15552000
fia-krsi0-14;20072;2333180;2;133;15552000
fie-l4s8u-1o;20072;2333180;2;133;15552000
fif-la6s8-1;20072;2333180;2;133;15552000
fih-lj8dm-4;20072;2333180;2;133;15552000
fj1-nit4i-f;20072;2333180;2;133;15552000
fjj-pp7gc-o;20072;2333180;2;133;15552000
fgg-hqlgq-47;20072;1125180;1;125;15552000
fgg-hqlwt-a;20072;1125180;1;125;15552000
fgg-hrhof-b;20072;1125180;1;125;15552000
fhk-ina5i-h;20072;1125180;1;125;15552000
fhk-invat-e;20072;1125180;1;125;15552000
fib-ksvit-4;20072;1125180;1;125;15552000
fie-l81ey-j;20072;1125180;1;125;15552000
fig-lcovc-b;20072;1125180;1;125;15552000
fih-lgpx7-o;20072;1125180;1;125;15552000
fih-lhcec-q;20072;1125180;1;125;15552000
fih-lhgiz-6;20072;1125180;1;125;15552000
fih-lj0e0-6;20072;1125180;1;125;15552000
fiq-mhq9a-5;20072;1125180;1;125;15552000
fjf-p8ldb-6;20072;1125180;1;125;15552000
fjh-piu4n-1;20072;1125180;1;125;15552000
fjq-qpmlw-b;20072;1125180;1;125;15552000
fjq-qrzbh-9;20072;1125180;1;125;15552000
fjs-r59rr-g;20072;1125180;1;125;15552000
fgl-hsate-3r;20072;1125180;1;125;15552000
fgs-hu88h-93;20072;1125180;1;125;15552000
fh3-hz4h8-9i;20072;1125180;1;125;15552000
fh8-i64zd-5u;20072;1125180;1;125;15552000
fh9-i7nso-a;20072;1125180;1;125;15552000
fhf-ighhb-1d;20072;1125180;1;125;15552000
fhm-ipk73-1t;20072;1125180;1;125;15552000
fho-iv2xy-35;20072;1125180;1;125;15552000
fic-kwcge-l;20072;1125180;1;125;15552000
fig-ldney-1h;20072;1125180;1;125;15552000
fii-lm3y6-a;20072;1125180;1;125;15552000
fii-lmx20-3;20072;1125180;1;125;15552000
fjj-pt1i7-i;20072;1125180;1;125;15552000
fjs-r5yac-5;20072;1125180;1;125;15552000
fmp-1cfbdk-a;20072;1125180;1;125;15552000
fgl-hs68t-1f;20072;1125180;1;125;15552000
fgl-hs9o4-5q;20072;1125180;1;125;15552000
fgs-hvh9d-i;20072;1125180;1;125;15552000
fh2-hxw4v-f;20072;1125180;1;125;15552000
fh8-i6bk4-24;20072;1125180;1;125;15552000
fhf-ifwol-13;20072;1125180;1;125;15552000
fhm-iqzga-17;20072;1125180;1;125;15552000
fhn-ishgr-q;20072;1125180;1;125;15552000
fic-l3xe4-h;20072;1125180;1;125;15552000
fie-l3va6-f;20072;1125180;1;125;15552000
fii-lkues-8;20072;1125180;1;125;15552000
fii-lm4rq-17;20072;1125180;1;125;15552000
fjd-oz7ut-1q;20072;1125180;1;125;15552000
fjf-p6ppn-d;20072;1125180;1;125;15552000
fjq-qogs5-3;20072;1125180;1;125;15552000
fjs-r37fr-5;20072;1125180;1;125;15552000
fh2-hyzkw-1c;20072;1125180;1;125;15552000
fh3-hyoql-h;20072;1125180;1;125;15552000
fh3-hz2wo-1q;20072;1125180;1;125;15552000
fhk-inooz-1;20072;1125180;1;125;15552000
fih-ljebt-r;20072;1125180;1;125;15552000
fio-maxzg-d;20072;1125180;1;125;15552000
fj1-nhrug-q;20072;1125180;1;125;15552000
fj7-o76e1-2u;20072;1125180;1;125;15552000
fjh-pj95x-2;20072;1125180;1;125;15552000
fjh-pl3jg-5;20072;1125180;1;125;15552000
fjj-psppg-7;20072;1125180;1;125;15552000
fjn-qeqo3-2;20072;1125180;1;125;15552000
fgg-hr0e8-g;20072;1125180;1;125;15552000
fhk-invle-1m;20072;1125180;1;125;15552000
fhm-ipt2n-32;20072;1125180;1;125;15552000
fho-iufuj-u;20072;1125180;1;125;15552000
fif-l9jd9-k;20072;1125180;1;125;15552000
fjd-ovc3n-6;20072;1125180;1;125;15552000
fjd-ozh2k-q;20072;1125180;1;125;15552000
fjs-r735s-2;20072;1125180;1;125;15552000
fmp-1cgpmb-5;20072;1125180;1;125;15552000
fgl-ht0sf-x;20072;1125180;1;125;15552000
fgs-hu7vu-ab;20072;1125180;1;125;15552000
fgs-hu8u7-4q;20072;1125180;1;125;15552000
fhf-ifvy2-3;20072;1125180;1;125;15552000
fhm-iqjk0-q;20072;1125180;1;125;15552000
fia-kred2-1l;20072;1125180;1;125;15552000
fif-l7l6w-6;20072;1125180;1;125;15552000
fj7-o7qj2-h;20072;1125180;1;125;15552000
fjc-orrda-30;20072;1125180;1;125;15552000
fjh-pfuej-p;20072;1125180;1;125;15552000
fjp-qmiu7-a;20072;1125180;1;125;15552000
fgs-hu86g-62;20072;1125180;1;125;15552000
fhk-ind6l-1r;20072;1125180;1;125;15552000
fib-ksv8v-3v;20072;1125180;1;125;15552000
fih-lgxgw-c;20072;1125180;1;125;15552000
fii-ll507-3j;20072;1125180;1;125;15552000
fii-ll99g-19;20072;1125180;1;125;15552000
fjh-pgc3z-l;20072;1125180;1;125;15552000
fjj-pp4ke-d;20072;1125180;1;125;15552000
fjj-ppdl8-4;20072;1125180;1;125;15552000
fjq-qph5v-3;20072;1125180;1;125;15552000
fjs-r3tr2-6;20072;1125180;1;125;15552000
fjs-r50ae-j;20072;1125180;1;125;15552000
fgg-hqf9l-fu;20072;1125180;1;125;15552000
fgs-hu7or-x;20072;1125180;1;125;15552000
fh3-hymdi-18;20072;1125180;1;125;15552000
fh3-hymo1-n;20072;1125180;1;125;15552000
fh3-hzqzq-3;20072;1125180;1;125;15552000
fh8-i6sp8-52;20072;1125180;1;125;15552000
fh9-i747h-g;20072;1125180;1;125;15552000
fhm-iqp0s-o;20072;1125180;1;125;15552000
fhm-irh6c-4;20072;1125180;1;125;15552000
fhn-isma4-3;20072;1125180;1;125;15552000
fia-kqw84-10;20072;1125180;1;125;15552000
fid-l2orc-14;20072;1125180;1;125;15552000
fie-l4fp6-37;20072;1125180;1;125;15552000
fih-lijap-3h;20072;1125180;1;125;15552000
fiq-mjfre-c;20072;1125180;1;125;15552000
fjp-qkvon-a;20072;1125180;1;125;15552000
fjq-qse3r-2;20072;1125180;1;125;15552000
fgg-i8tjv-g;20072;1125180;1;125;15552000
fhn-itfcm-2e;20072;1125180;1;125;15552000
fhn-iu1w6-c;20072;1125180;1;125;15552000
fho-iwn7o-1c;20072;1125180;1;125;15552000
fia-krsi0-14;20072;1125180;1;125;15552000
fie-l4s8u-1o;20072;1125180;1;125;15552000
fif-la6s8-1;20072;1125180;1;125;15552000
fih-lj8dm-4;20072;1125180;1;125;15552000
fj1-nit4i-f;20072;1125180;1;125;15552000
fjj-pp7gc-o;20072;1125180;1;125;15552000
fgg-hqlgq-47;20072;11026180;0;0;0
fgg-hqlwt-a;20072;11026180;0;0;0
fgg-hrhof-b;20072;11026180;0;0;0
fhk-ina5i-h;20072;11026180;0;0;0
fhk-invat-e;20072;11026180;0;0;0
fib-ksvit-4;20072;11026180;0;0;0
fie-l81ey-j;20072;11026180;0;0;0
fig-lcovc-b;20072;11026180;0;0;0
fih-lgpx7-o;20072;11026180;0;0;0
fih-lhcec-q;20072;11026180;0;0;0
fih-lhgiz-6;20072;11026180;0;0;0
fih-lj0e0-6;20072;11026180;0;0;0
fiq-mhq9a-5;20072;11026180;0;0;0
fjf-p8ldb-6;20072;11026180;0;0;0
fjh-piu4n-1;20072;11026180;0;0;0
fjq-qpmlw-b;20072;11026180;0;0;0
fjq-qrzbh-9;20072;11026180;0;0;0
fjs-r59rr-g;20072;11026180;0;0;0
fgl-hsate-3r;20072;11026180;0;0;0
fgs-hu88h-93;20072;11026180;0;0;0
fh3-hz4h8-9i;20072;11026180;0;0;0
fh8-i64zd-5u;20072;11026180;0;0;0
fh9-i7nso-a;20072;11026180;0;0;0
fhf-ighhb-1d;20072;11026180;0;0;0
fhm-ipk73-1t;20072;11026180;0;0;0
fho-iv2xy-35;20072;11026180;0;0;0
fic-kwcge-l;20072;11026180;0;0;0
fig-ldney-1h;20072;11026180;0;0;0
fii-lm3y6-a;20072;11026180;0;0;0
fii-lmx20-3;20072;11026180;0;0;0
fjj-pt1i7-i;20072;11026180;0;0;0
fjs-r5yac-5;20072;11026180;0;0;0
fmp-1cfbdk-a;20072;11026180;0;0;0
fgl-hs68t-1f;20072;11026180;0;0;0
fgl-hs9o4-5q;20072;11026180;0;0;0
fgs-hvh9d-i;20072;11026180;0;0;0
fh2-hxw4v-f;20072;11026180;0;0;0
fh8-i6bk4-24;20072;11026180;0;0;0
fhf-ifwol-13;20072;11026180;0;0;0
fhm-iqzga-17;20072;11026180;0;0;0
fhn-ishgr-q;20072;11026180;0;0;0
fic-l3xe4-h;20072;11026180;0;0;0
fie-l3va6-f;20072;11026180;0;0;0
fii-lkues-8;20072;11026180;0;0;0
fii-lm4rq-17;20072;11026180;0;0;0
fjd-oz7ut-1q;20072;11026180;0;0;0
fjf-p6ppn-d;20072;11026180;0;0;0
fjq-qogs5-3;20072;11026180;0;0;0
fjs-r37fr-5;20072;11026180;0;0;0
fh2-hyzkw-1c;20072;11026180;0;0;0
fh3-hyoql-h;20072;11026180;0;0;0
fh3-hz2wo-1q;20072;11026180;0;0;0
fhk-inooz-1;20072;11026180;0;0;0
fih-ljebt-r;20072;11026180;0;0;0
fio-maxzg-d;20072;11026180;0;0;0
fj1-nhrug-q;20072;11026180;0;0;0
fj7-o76e1-2u;20072;11026180;0;0;0
fjh-pj95x-2;20072;11026180;0;0;0
fjh-pl3jg-5;20072;11026180;0;0;0
fjj-psppg-7;20072;11026180;0;0;0
fjn-qeqo3-2;20072;11026180;0;0;0
fgg-hr0e8-g;20072;11026180;0;0;0
fhk-invle-1m;20072;11026180;0;0;0
fhm-ipt2n-32;20072;11026180;0;0;0
fho-iufuj-u;20072;11026180;0;0;0
fif-l9jd9-k;20072;11026180;0;0;0
fjd-ovc3n-6;20072;11026180;0;0;0
fjd-ozh2k-q;20072;11026180;0;0;0
fjs-r735s-2;20072;11026180;0;0;0
fmp-1cgpmb-5;20072;11026180;0;0;0
fgl-ht0sf-x;20072;11026180;0;0;0
fgs-hu7vu-ab;20072;11026180;0;0;0
fgs-hu8u7-4q;20072;11026180;0;0;0
fhf-ifvy2-3;20072;11026180;0;0;0
fhm-iqjk0-q;20072;11026180;0;0;0
fia-kred2-1l;20072;11026180;0;0;0
fif-l7l6w-6;20072;11026180;0;0;0
fj7-o7qj2-h;20072;11026180;0;0;0
fjc-orrda-30;20072;11026180;0;0;0
fjh-pfuej-p;20072;11026180;0;0;0
fjp-qmiu7-a;20072;11026180;0;0;0
fgs-hu86g-62;20072;11026180;0;0;0
fhk-ind6l-1r;20072;11026180;0;0;0
fib-ksv8v-3v;20072;11026180;0;0;0
fih-lgxgw-c;20072;11026180;0;0;0
fii-ll507-3j;20072;11026180;0;0;0
fii-ll99g-19;20072;11026180;0;0;0
fjh-pgc3z-l;20072;11026180;0;0;0
fjj-pp4ke-d;20072;11026180;0;0;0
fjj-ppdl8-4;20072;11026180;0;0;0
fjq-qph5v-3;20072;11026180;0;0;0
fjs-r3tr2-6;20072;11026180;0;0;0
fjs-r50ae-j;20072;11026180;0;0;0
fgg-hqf9l-fu;20072;11026180;0;0;0
fgs-hu7or-x;20072;11026180;0;0;0
fh3-hymdi-18;20072;11026180;0;0;0
fh3-hymo1-n;20072;11026180;0;0;0
fh3-hzqzq-3;20072;11026180;0;0;0
fh8-i6sp8-52;20072;11026180;0;0;0
fh9-i747h-g;20072;11026180;0;0;0
fhm-iqp0s-o;20072;11026180;0;0;0
fhm-irh6c-4;20072;11026180;0;0;0
fhn-isma4-3;20072;11026180;0;0;0
fia-kqw84-10;20072;11026180;0;0;0
fid-l2orc-14;20072;11026180;0;0;0
fie-l4fp6-37;20072;11026180;0;0;0
fih-lijap-3h;20072;11026180;0;0;0
fiq-mjfre-c;20072;11026180;0;0;0
fjp-qkvon-a;20072;11026180;0;0;0
fjq-qse3r-2;20072;11026180;0;0;0
fgg-i8tjv-g;20072;11026180;0;0;0
fhn-itfcm-2e;20072;11026180;0;0;0
fhn-iu1w6-c;20072;11026180;0;0;0
fho-iwn7o-1c;20072;11026180;0;0;0
fia-krsi0-14;20072;11026180;0;0;0
fie-l4s8u-1o;20072;11026180;0;0;0
fif-la6s8-1;20072;11026180;0;0;0
fih-lj8dm-4;20072;11026180;0;0;0
fj1-nit4i-f;20072;11026180;0;0;0
fjj-pp7gc-o;20072;11026180;0;0;0
fgg-hqlgq-47;20072;466180;4;66;15552000
fgg-hqlwt-a;20072;466180;4;66;15552000
fgg-hrhof-b;20072;466180;4;66;15552000
fhk-ina5i-h;20072;466180;4;66;15552000
fhk-invat-e;20072;466180;4;66;15552000
fib-ksvit-4;20072;466180;4;66;15552000
fie-l81ey-j;20072;466180;4;66;15552000
fig-lcovc-b;20072;466180;4;66;15552000
fih-lgpx7-o;20072;466180;4;66;15552000
fih-lhcec-q;20072;466180;4;66;15552000
fih-lhgiz-6;20072;466180;4;66;15552000
fih-lj0e0-6;20072;466180;4;66;15552000
fiq-mhq9a-5;20072;466180;4;66;15552000
fjf-p8ldb-6;20072;466180;4;66;15552000
fjh-piu4n-1;20072;466180;4;66;15552000
fjq-qpmlw-b;20072;466180;4;66;15552000
fjq-qrzbh-9;20072;466180;4;66;15552000
fjs-r59rr-g;20072;466180;4;66;15552000
fgl-hsate-3r;20072;466180;4;66;15552000
fgs-hu88h-93;20072;466180;4;66;15552000
fh3-hz4h8-9i;20072;466180;4;66;15552000
fh8-i64zd-5u;20072;466180;4;66;15552000
fh9-i7nso-a;20072;466180;4;66;15552000
fhf-ighhb-1d;20072;466180;4;66;15552000
fhm-ipk73-1t;20072;466180;4;66;15552000
fho-iv2xy-35;20072;466180;4;66;15552000
fic-kwcge-l;20072;466180;4;66;15552000
fig-ldney-1h;20072;466180;4;66;15552000
fii-lm3y6-a;20072;466180;4;66;15552000
fii-lmx20-3;20072;466180;4;66;15552000
fjj-pt1i7-i;20072;466180;4;66;15552000
fjs-r5yac-5;20072;466180;4;66;15552000
fmp-1cfbdk-a;20072;466180;4;66;15552000
fgl-hs68t-1f;20072;466180;4;66;15552000
fgl-hs9o4-5q;20072;466180;4;66;15552000
fgs-hvh9d-i;20072;466180;4;66;15552000
fh2-hxw4v-f;20072;466180;4;66;15552000
fh8-i6bk4-24;20072;466180;4;66;15552000
fhf-ifwol-13;20072;466180;4;66;15552000
fhm-iqzga-17;20072;466180;4;66;15552000
fhn-ishgr-q;20072;466180;4;66;15552000
fic-l3xe4-h;20072;466180;4;66;15552000
fie-l3va6-f;20072;466180;4;66;15552000
fii-lkues-8;20072;466180;4;66;15552000
fii-lm4rq-17;20072;466180;4;66;15552000
fjd-oz7ut-1q;20072;466180;4;66;15552000
fjf-p6ppn-d;20072;466180;4;66;15552000
fjq-qogs5-3;20072;466180;4;66;15552000
fjs-r37fr-5;20072;466180;4;66;15552000
fh2-hyzkw-1c;20072;466180;4;66;15552000
fh3-hyoql-h;20072;466180;4;66;15552000
fh3-hz2wo-1q;20072;466180;4;66;15552000
fhk-inooz-1;20072;466180;4;66;15552000
fih-ljebt-r;20072;466180;4;66;15552000
fio-maxzg-d;20072;466180;4;66;15552000
fj1-nhrug-q;20072;466180;4;66;15552000
fj7-o76e1-2u;20072;466180;4;66;15552000
fjh-pj95x-2;20072;466180;4;66;15552000
fjh-pl3jg-5;20072;466180;4;66;15552000
fjj-psppg-7;20072;466180;4;66;15552000
fjn-qeqo3-2;20072;466180;4;66;15552000
fgg-hr0e8-g;20072;466180;4;66;15552000
fhk-invle-1m;20072;466180;4;66;15552000
fhm-ipt2n-32;20072;466180;4;66;15552000
fho-iufuj-u;20072;466180;4;66;15552000
fif-l9jd9-k;20072;466180;4;66;15552000
fjd-ovc3n-6;20072;466180;4;66;15552000
fjd-ozh2k-q;20072;466180;4;66;15552000
fjs-r735s-2;20072;466180;4;66;15552000
fmp-1cgpmb-5;20072;466180;4;66;15552000
fgl-ht0sf-x;20072;466180;4;66;15552000
fgs-hu7vu-ab;20072;466180;4;66;15552000
fgs-hu8u7-4q;20072;466180;4;66;15552000
fhf-ifvy2-3;20072;466180;4;66;15552000
fhm-iqjk0-q;20072;466180;4;66;15552000
fia-kred2-1l;20072;466180;4;66;15552000
fif-l7l6w-6;20072;466180;4;66;15552000
fj7-o7qj2-h;20072;466180;4;66;15552000
fjc-orrda-30;20072;466180;4;66;15552000
fjh-pfuej-p;20072;466180;4;66;15552000
fjp-qmiu7-a;20072;466180;4;66;15552000
fgs-hu86g-62;20072;466180;4;66;15552000
fhk-ind6l-1r;20072;466180;4;66;15552000
fib-ksv8v-3v;20072;466180;4;66;15552000
fih-lgxgw-c;20072;466180;4;66;15552000
fii-ll507-3j;20072;466180;4;66;15552000
fii-ll99g-19;20072;466180;4;66;15552000
fjh-pgc3z-l;20072;466180;4;66;15552000
fjj-pp4ke-d;20072;466180;4;66;15552000
fjj-ppdl8-4;20072;466180;4;66;15552000
fjq-qph5v-3;20072;466180;4;66;15552000
fjs-r3tr2-6;20072;466180;4;66;15552000
fjs-r50ae-j;20072;466180;4;66;15552000
fgg-hqf9l-fu;20072;466180;4;66;15552000
fgs-hu7or-x;20072;466180;4;66;15552000
fh3-hymdi-18;20072;466180;4;66;15552000
fh3-hymo1-n;20072;466180;4;66;15552000
fh3-hzqzq-3;20072;466180;4;66;15552000
fh8-i6sp8-52;20072;466180;4;66;15552000
fh9-i747h-g;20072;466180;4;66;15552000
fhm-iqp0s-o;20072;466180;4;66;15552000
fhm-irh6c-4;20072;466180;4;66;15552000
fhn-isma4-3;20072;466180;4;66;15552000
fia-kqw84-10;20072;466180;4;66;15552000
fid-l2orc-14;20072;466180;4;66;15552000
fie-l4fp6-37;20072;466180;4;66;15552000
fih-lijap-3h;20072;466180;4;66;15552000
fiq-mjfre-c;20072;466180;4;66;15552000
fjp-qkvon-a;20072;466180;4;66;15552000
fjq-qse3r-2;20072;466180;4;66;15552000
fgg-i8tjv-g;20072;466180;4;66;15552000
fhn-itfcm-2e;20072;466180;4;66;15552000
fhn-iu1w6-c;20072;466180;4;66;15552000
fho-iwn7o-1c;20072;466180;4;66;15552000
fia-krsi0-14;20072;466180;4;66;15552000
fie-l4s8u-1o;20072;466180;4;66;15552000
fif-la6s8-1;20072;466180;4;66;15552000
fih-lj8dm-4;20072;466180;4;66;15552000
fj1-nit4i-f;20072;466180;4;66;15552000
fjj-pp7gc-o;20072;466180;4;66;15552000
ffs-hrvzf-j;20018;2333090;2;133;7776000
ffz-hpl5z-2;20018;2333090;2;133;7776000
fg4-hpy5z-7w;20018;2333090;2;133;7776000
fgp-i1nhm-7;20018;2333090;2;133;7776000
fi1-jw9wk-21;20018;2333090;2;133;7776000
fin-mbepw-1p;20018;2333090;2;133;7776000
fq7-2ygnb2-7;20018;2333090;2;133;7776000
fq8-2ytnvb-1;20018;2333090;2;133;7776000
ffu-hph8p-65;20018;2333090;2;133;7776000
ffu-hpmdh-9t;20018;2333090;2;133;7776000
ffv-hpy0p-1n;20018;2333090;2;133;7776000
fg0-hpstd-34;20018;2333090;2;133;7776000
fg1-hpsgn-4b;20018;2333090;2;133;7776000
fg1-hu2kk-n;20018;2333090;2;133;7776000
fg4-hph6b-3n;20018;2333090;2;133;7776000
fgc-hqn00-g;20018;2333090;2;133;7776000
fgo-hwmji-5;20018;2333090;2;133;7776000
fgo-i336w-3;20018;2333090;2;133;7776000
fh0-hxa3c-3h;20018;2333090;2;133;7776000
fht-jb0tb-2;20018;2333090;2;133;7776000
fhu-jap28-33;20018;2333090;2;133;7776000
fhy-jpces-a;20018;2333090;2;133;7776000
ffu-hpmtv-2c;20018;2333090;2;133;7776000
ffy-hpo0c-1g;20018;2333090;2;133;7776000
fg1-hpl9k-3h;20018;2333090;2;133;7776000
fg1-hrl4f-1i;20018;2333090;2;133;7776000
fg2-hpj23-4x;20018;2333090;2;133;7776000
fg3-hpia2-5z;20018;2333090;2;133;7776000
fg3-hpilq-9a;20018;2333090;2;133;7776000
fg3-hplmh-3i;20018;2333090;2;133;7776000
fg3-hpsj8-22;20018;2333090;2;133;7776000
fg4-hpq1h-k;20018;2333090;2;133;7776000
fgq-httwr-1;20018;2333090;2;133;7776000
fgx-i0mru-2;20018;2333090;2;133;7776000
fhr-j4c0k-u;20018;2333090;2;133;7776000
fhx-jix4j-21;20018;2333090;2;133;7776000
fi0-jrt28-z;20018;2333090;2;133;7776000
fq7-2ye20w-2;20018;2333090;2;133;7776000
fqp-353t3o-1;20018;2333090;2;133;7776000
ffu-hphks-8d;20018;2333090;2;133;7776000
fg1-hpodz-i6;20018;2333090;2;133;7776000
fg2-hpvb1-1r;20018;2333090;2;133;7776000
fg2-i547m-k;20018;2333090;2;133;7776000
fg2-i8hyr-9;20018;2333090;2;133;7776000
fg2-j978o-3;20018;2333090;2;133;7776000
fg3-hpism-71;20018;2333090;2;133;7776000
fg3-hvb85-b;20018;2333090;2;133;7776000
fg4-hphrq-it;20018;2333090;2;133;7776000
fg6-hq3tf-2e;20018;2333090;2;133;7776000
fge-hrepj-5s;20018;2333090;2;133;7776000
fgm-i5xd8-b;20018;2333090;2;133;7776000
fgo-htgrg-hg;20018;2333090;2;133;7776000
fhp-iz2ct-1k;20018;2333090;2;133;7776000
fhp-iznej-16;20018;2333090;2;133;7776000
fhq-j0t1q-12;20018;2333090;2;133;7776000
fie-l692u-10;20018;2333090;2;133;7776000
fin-mndjq-1;20018;2333090;2;133;7776000
fio-mc4pa-a;20018;2333090;2;133;7776000
ffu-ht2h2-t;20018;2333090;2;133;7776000
fg3-hpicl-a5;20018;2333090;2;133;7776000
fgm-ht7cf-t;20018;2333090;2;133;7776000
fgm-htcde-56;20018;2333090;2;133;7776000
fgo-hvxen-b;20018;2333090;2;133;7776000
fgo-hy8un-2;20018;2333090;2;133;7776000
fgu-hvcvc-2f;20018;2333090;2;133;7776000
fhx-jjf2q-10;20018;2333090;2;133;7776000
fq8-2yr3ov-1;20018;2333090;2;133;7776000
ffs-hs9k4-t;20018;2333090;2;133;7776000
ffw-hph4s-1m;20018;2333090;2;133;7776000
ffw-hpwzg-6a;20018;2333090;2;133;7776000
fg2-hr96m-1i;20018;2333090;2;133;7776000
fg3-hpwli-2z;20018;2333090;2;133;7776000
fge-hqcg3-uf;20018;2333090;2;133;7776000
fgm-htahr-45;20018;2333090;2;133;7776000
fgu-psrqk-1;20018;2333090;2;133;7776000
fhl-iomlj-29;20018;2333090;2;133;7776000
fhl-ioynd-g;20018;2333090;2;133;7776000
fhl-is6jl-z;20018;2333090;2;133;7776000
fhr-j4mz2-g;20018;2333090;2;133;7776000
fhx-jjm57-l;20018;2333090;2;133;7776000
fig-lfjrr-7;20018;2333090;2;133;7776000
ffw-hpkjz-1f;20018;2333090;2;133;7776000
fg2-hph4t-i;20018;2333090;2;133;7776000
fg2-htmb7-3;20018;2333090;2;133;7776000
fg2-htzic-1;20018;2333090;2;133;7776000
fg3-hquuo-7;20018;2333090;2;133;7776000
fg3-hrg6t-l;20018;2333090;2;133;7776000
fg4-htbwa-1j;20018;2333090;2;133;7776000
fg9-hq1nn-82;20018;2333090;2;133;7776000
fge-hqbkc-5e;20018;2333090;2;133;7776000
fgi-hs1cr-ap;20018;2333090;2;133;7776000
fgo-htk2s-3;20018;2333090;2;133;7776000
fgq-htvfa-49;20018;2333090;2;133;7776000
fgq-hzwn2-2;20018;2333090;2;133;7776000
fhl-ipvcb-7;20018;2333090;2;133;7776000
fhl-iq6i9-5;20018;2333090;2;133;7776000
fhs-j78km-2g;20018;2333090;2;133;7776000
fhx-jme4o-s;20018;2333090;2;133;7776000
fip-mr3bt-w;20018;2333090;2;133;7776000
fg0-hpx5n-3o;20018;2333090;2;133;7776000
fg0-i5dh1-t;20018;2333090;2;133;7776000
fg2-hpnox-4e;20018;2333090;2;133;7776000
fg2-hu18x-6;20018;2333090;2;133;7776000
fg6-hq06g-9m;20018;2333090;2;133;7776000
fgm-htxqe-5;20018;2333090;2;133;7776000
fgq-htvkf-4j;20018;2333090;2;133;7776000
fgt-ij77q-2;20018;2333090;2;133;7776000
fhu-j9a7e-2t;20018;2333090;2;133;7776000
ffv-hpomm-9q;20018;2333090;2;133;7776000
ffw-i3crb-b;20018;2333090;2;133;7776000
ffy-hpq3n-3;20018;2333090;2;133;7776000
fg0-hpgcm-1;20018;2333090;2;133;7776000
fg1-hpmy8-17;20018;2333090;2;133;7776000
fg1-hu6ez-m;20018;2333090;2;133;7776000
fg2-hr6xq-c;20018;2333090;2;133;7776000
fg4-hpfw1-m;20018;2333090;2;133;7776000
fgi-hs3qh-5s;20018;2333090;2;133;7776000
fgq-htxki-3p;20018;2333090;2;133;7776000
fgx-hwwuk-16;20018;2333090;2;133;7776000
fq1-2w8i51-1;20018;2333090;2;133;7776000
ffs-hrvzf-j;20018;1125090;1;125;7776000
ffz-hpl5z-2;20018;1125090;1;125;7776000
fg4-hpy5z-7w;20018;1125090;1;125;7776000
fgp-i1nhm-7;20018;1125090;1;125;7776000
fi1-jw9wk-21;20018;1125090;1;125;7776000
fin-mbepw-1p;20018;1125090;1;125;7776000
fq7-2ygnb2-7;20018;1125090;1;125;7776000
fq8-2ytnvb-1;20018;1125090;1;125;7776000
ffu-hph8p-65;20018;1125090;1;125;7776000
ffu-hpmdh-9t;20018;1125090;1;125;7776000
ffv-hpy0p-1n;20018;1125090;1;125;7776000
fg0-hpstd-34;20018;1125090;1;125;7776000
fg1-hpsgn-4b;20018;1125090;1;125;7776000
fg1-hu2kk-n;20018;1125090;1;125;7776000
fg4-hph6b-3n;20018;1125090;1;125;7776000
fgc-hqn00-g;20018;1125090;1;125;7776000
fgo-hwmji-5;20018;1125090;1;125;7776000
fgo-i336w-3;20018;1125090;1;125;7776000
fh0-hxa3c-3h;20018;1125090;1;125;7776000
fht-jb0tb-2;20018;1125090;1;125;7776000
fhu-jap28-33;20018;1125090;1;125;7776000
fhy-jpces-a;20018;1125090;1;125;7776000
ffu-hpmtv-2c;20018;1125090;1;125;7776000
ffy-hpo0c-1g;20018;1125090;1;125;7776000
fg1-hpl9k-3h;20018;1125090;1;125;7776000
fg1-hrl4f-1i;20018;1125090;1;125;7776000
fg2-hpj23-4x;20018;1125090;1;125;7776000
fg3-hpia2-5z;20018;1125090;1;125;7776000
fg3-hpilq-9a;20018;1125090;1;125;7776000
fg3-hplmh-3i;20018;1125090;1;125;7776000
fg3-hpsj8-22;20018;1125090;1;125;7776000
fg4-hpq1h-k;20018;1125090;1;125;7776000
fgq-httwr-1;20018;1125090;1;125;7776000
fgx-i0mru-2;20018;1125090;1;125;7776000
fhr-j4c0k-u;20018;1125090;1;125;7776000
fhx-jix4j-21;20018;1125090;1;125;7776000
fi0-jrt28-z;20018;1125090;1;125;7776000
fq7-2ye20w-2;20018;1125090;1;125;7776000
fqp-353t3o-1;20018;1125090;1;125;7776000
ffu-hphks-8d;20018;1125090;1;125;7776000
fg1-hpodz-i6;20018;1125090;1;125;7776000
fg2-hpvb1-1r;20018;1125090;1;125;7776000
fg2-i547m-k;20018;1125090;1;125;7776000
fg2-i8hyr-9;20018;1125090;1;125;7776000
fg2-j978o-3;20018;1125090;1;125;7776000
fg3-hpism-71;20018;1125090;1;125;7776000
fg3-hvb85-b;20018;1125090;1;125;7776000
fg4-hphrq-it;20018;1125090;1;125;7776000
fg6-hq3tf-2e;20018;1125090;1;125;7776000
fge-hrepj-5s;20018;1125090;1;125;7776000
fgm-i5xd8-b;20018;1125090;1;125;7776000
fgo-htgrg-hg;20018;1125090;1;125;7776000
fhp-iz2ct-1k;20018;1125090;1;125;7776000
fhp-iznej-16;20018;1125090;1;125;7776000
fhq-j0t1q-12;20018;1125090;1;125;7776000
fie-l692u-10;20018;1125090;1;125;7776000
fin-mndjq-1;20018;1125090;1;125;7776000
fio-mc4pa-a;20018;1125090;1;125;7776000
ffu-ht2h2-t;20018;1125090;1;125;7776000
fg3-hpicl-a5;20018;1125090;1;125;7776000
fgm-ht7cf-t;20018;1125090;1;125;7776000
fgm-htcde-56;20018;1125090;1;125;7776000
fgo-hvxen-b;20018;1125090;1;125;7776000
fgo-hy8un-2;20018;1125090;1;125;7776000
fgu-hvcvc-2f;20018;1125090;1;125;7776000
fhx-jjf2q-10;20018;1125090;1;125;7776000
fq8-2yr3ov-1;20018;1125090;1;125;7776000
ffs-hs9k4-t;20018;1125090;1;125;7776000
ffw-hph4s-1m;20018;1125090;1;125;7776000
ffw-hpwzg-6a;20018;1125090;1;125;7776000
fg2-hr96m-1i;20018;1125090;1;125;7776000
fg3-hpwli-2z;20018;1125090;1;125;7776000
fge-hqcg3-uf;20018;1125090;1;125;7776000
fgm-htahr-45;20018;1125090;1;125;7776000
fgu-psrqk-1;20018;1125090;1;125;7776000
fhl-iomlj-29;20018;1125090;1;125;7776000
fhl-ioynd-g;20018;1125090;1;125;7776000
fhl-is6jl-z;20018;1125090;1;125;7776000
fhr-j4mz2-g;20018;1125090;1;125;7776000
fhx-jjm57-l;20018;1125090;1;125;7776000
fig-lfjrr-7;20018;1125090;1;125;7776000
ffw-hpkjz-1f;20018;1125090;1;125;7776000
fg2-hph4t-i;20018;1125090;1;125;7776000
fg2-htmb7-3;20018;1125090;1;125;7776000
fg2-htzic-1;20018;1125090;1;125;7776000
fg3-hquuo-7;20018;1125090;1;125;7776000
fg3-hrg6t-l;20018;1125090;1;125;7776000
fg4-htbwa-1j;20018;1125090;1;125;7776000
fg9-hq1nn-82;20018;1125090;1;125;7776000
fge-hqbkc-5e;20018;1125090;1;125;7776000
fgi-hs1cr-ap;20018;1125090;1;125;7776000
fgo-htk2s-3;20018;1125090;1;125;7776000
fgq-htvfa-49;20018;1125090;1;125;7776000
fgq-hzwn2-2;20018;1125090;1;125;7776000
fhl-ipvcb-7;20018;1125090;1;125;7776000
fhl-iq6i9-5;20018;1125090;1;125;7776000
fhs-j78km-2g;20018;1125090;1;125;7776000
fhx-jme4o-s;20018;1125090;1;125;7776000
fip-mr3bt-w;20018;1125090;1;125;7776000
fg0-hpx5n-3o;20018;1125090;1;125;7776000
fg0-i5dh1-t;20018;1125090;1;125;7776000
fg2-hpnox-4e;20018;1125090;1;125;7776000
fg2-hu18x-6;20018;1125090;1;125;7776000
fg6-hq06g-9m;20018;1125090;1;125;7776000
fgm-htxqe-5;20018;1125090;1;125;7776000
fgq-htvkf-4j;20018;1125090;1;125;7776000
fgt-ij77q-2;20018;1125090;1;125;7776000
fhu-j9a7e-2t;20018;1125090;1;125;7776000
ffv-hpomm-9q;20018;1125090;1;125;7776000
ffw-i3crb-b;20018;1125090;1;125;7776000
ffy-hpq3n-3;20018;1125090;1;125;7776000
fg0-hpgcm-1;20018;1125090;1;125;7776000
fg1-hpmy8-17;20018;1125090;1;125;7776000
fg1-hu6ez-m;20018;1125090;1;125;7776000
fg2-hr6xq-c;20018;1125090;1;125;7776000
fg4-hpfw1-m;20018;1125090;1;125;7776000
fgi-hs3qh-5s;20018;1125090;1;125;7776000
fgq-htxki-3p;20018;1125090;1;125;7776000
fgx-hwwuk-16;20018;1125090;1;125;7776000
fq1-2w8i51-1;20018;1125090;1;125;7776000
ffs-hrvzf-j;20018;11026090;0;0;0
ffz-hpl5z-2;20018;11026090;0;0;0
fg4-hpy5z-7w;20018;11026090;0;0;0
fgp-i1nhm-7;20018;11026090;0;0;0
fi1-jw9wk-21;20018;11026090;0;0;0
fin-mbepw-1p;20018;11026090;0;0;0
fq7-2ygnb2-7;20018;11026090;0;0;0
fq8-2ytnvb-1;20018;11026090;0;0;0
ffu-hph8p-65;20018;11026090;0;0;0
ffu-hpmdh-9t;20018;11026090;0;0;0
ffv-hpy0p-1n;20018;11026090;0;0;0
fg0-hpstd-34;20018;11026090;0;0;0
fg1-hpsgn-4b;20018;11026090;0;0;0
fg1-hu2kk-n;20018;11026090;0;0;0
fg4-hph6b-3n;20018;11026090;0;0;0
fgc-hqn00-g;20018;11026090;0;0;0
fgo-hwmji-5;20018;11026090;0;0;0
fgo-i336w-3;20018;11026090;0;0;0
fh0-hxa3c-3h;20018;11026090;0;0;0
fht-jb0tb-2;20018;11026090;0;0;0
fhu-jap28-33;20018;11026090;0;0;0
fhy-jpces-a;20018;11026090;0;0;0
ffu-hpmtv-2c;20018;11026090;0;0;0
ffy-hpo0c-1g;20018;11026090;0;0;0
fg1-hpl9k-3h;20018;11026090;0;0;0
fg1-hrl4f-1i;20018;11026090;0;0;0
fg2-hpj23-4x;20018;11026090;0;0;0
fg3-hpia2-5z;20018;11026090;0;0;0
fg3-hpilq-9a;20018;11026090;0;0;0
fg3-hplmh-3i;20018;11026090;0;0;0
fg3-hpsj8-22;20018;11026090;0;0;0
fg4-hpq1h-k;20018;11026090;0;0;0
fgq-httwr-1;20018;11026090;0;0;0
fgx-i0mru-2;20018;11026090;0;0;0
fhr-j4c0k-u;20018;11026090;0;0;0
fhx-jix4j-21;20018;11026090;0;0;0
fi0-jrt28-z;20018;11026090;0;0;0
fq7-2ye20w-2;20018;11026090;0;0;0
fqp-353t3o-1;20018;11026090;0;0;0
ffu-hphks-8d;20018;11026090;0;0;0
fg1-hpodz-i6;20018;11026090;0;0;0
fg2-hpvb1-1r;20018;11026090;0;0;0
fg2-i547m-k;20018;11026090;0;0;0
fg2-i8hyr-9;20018;11026090;0;0;0
fg2-j978o-3;20018;11026090;0;0;0
fg3-hpism-71;20018;11026090;0;0;0
fg3-hvb85-b;20018;11026090;0;0;0
fg4-hphrq-it;20018;11026090;0;0;0
fg6-hq3tf-2e;20018;11026090;0;0;0
fge-hrepj-5s;20018;11026090;0;0;0
fgm-i5xd8-b;20018;11026090;0;0;0
fgo-htgrg-hg;20018;11026090;0;0;0
fhp-iz2ct-1k;20018;11026090;0;0;0
fhp-iznej-16;20018;11026090;0;0;0
fhq-j0t1q-12;20018;11026090;0;0;0
fie-l692u-10;20018;11026090;0;0;0
fin-mndjq-1;20018;11026090;0;0;0
fio-mc4pa-a;20018;11026090;0;0;0
ffu-ht2h2-t;20018;11026090;0;0;0
fg3-hpicl-a5;20018;11026090;0;0;0
fgm-ht7cf-t;20018;11026090;0;0;0
fgm-htcde-56;20018;11026090;0;0;0
fgo-hvxen-b;20018;11026090;0;0;0
fgo-hy8un-2;20018;11026090;0;0;0
fgu-hvcvc-2f;20018;11026090;0;0;0
fhx-jjf2q-10;20018;11026090;0;0;0
fq8-2yr3ov-1;20018;11026090;0;0;0
ffs-hs9k4-t;20018;11026090;0;0;0
ffw-hph4s-1m;20018;11026090;0;0;0
ffw-hpwzg-6a;20018;11026090;0;0;0
fg2-hr96m-1i;20018;11026090;0;0;0
fg3-hpwli-2z;20018;11026090;0;0;0
fge-hqcg3-uf;20018;11026090;0;0;0
fgm-htahr-45;20018;11026090;0;0;0
fgu-psrqk-1;20018;11026090;0;0;0
fhl-iomlj-29;20018;11026090;0;0;0
fhl-ioynd-g;20018;11026090;0;0;0
fhl-is6jl-z;20018;11026090;0;0;0
fhr-j4mz2-g;20018;11026090;0;0;0
fhx-jjm57-l;20018;11026090;0;0;0
fig-lfjrr-7;20018;11026090;0;0;0
ffw-hpkjz-1f;20018;11026090;0;0;0
fg2-hph4t-i;20018;11026090;0;0;0
fg2-htmb7-3;20018;11026090;0;0;0
fg2-htzic-1;20018;11026090;0;0;0
fg3-hquuo-7;20018;11026090;0;0;0
fg3-hrg6t-l;20018;11026090;0;0;0
fg4-htbwa-1j;20018;11026090;0;0;0
fg9-hq1nn-82;20018;11026090;0;0;0
fge-hqbkc-5e;20018;11026090;0;0;0
fgi-hs1cr-ap;20018;11026090;0;0;0
fgo-htk2s-3;20018;11026090;0;0;0
fgq-htvfa-49;20018;11026090;0;0;0
fgq-hzwn2-2;20018;11026090;0;0;0
fhl-ipvcb-7;20018;11026090;0;0;0
fhl-iq6i9-5;20018;11026090;0;0;0
fhs-j78km-2g;20018;11026090;0;0;0
fhx-jme4o-s;20018;11026090;0;0;0
fip-mr3bt-w;20018;11026090;0;0;0
fg0-hpx5n-3o;20018;11026090;0;0;0
fg0-i5dh1-t;20018;11026090;0;0;0
fg2-hpnox-4e;20018;11026090;0;0;0
fg2-hu18x-6;20018;11026090;0;0;0
fg6-hq06g-9m;20018;11026090;0;0;0
fgm-htxqe-5;20018;11026090;0;0;0
fgq-htvkf-4j;20018;11026090;0;0;0
fgt-ij77q-2;20018;11026090;0;0;0
fhu-j9a7e-2t;20018;11026090;0;0;0
ffv-hpomm-9q;20018;11026090;0;0;0
ffw-i3crb-b;20018;11026090;0;0;0
ffy-hpq3n-3;20018;11026090;0;0;0
fg0-hpgcm-1;20018;11026090;0;0;0
fg1-hpmy8-17;20018;11026090;0;0;0
fg1-hu6ez-m;20018;11026090;0;0;0
fg2-hr6xq-c;20018;11026090;0;0;0
fg4-hpfw1-m;20018;11026090;0;0;0
fgi-hs3qh-5s;20018;11026090;0;0;0
fgq-htxki-3p;20018;11026090;0;0;0
fgx-hwwuk-16;20018;11026090;0;0;0
fq1-2w8i51-1;20018;11026090;0;0;0
ffs-hrvzf-j;20018;466090;4;66;7776000
ffz-hpl5z-2;20018;466090;4;66;7776000
fg4-hpy5z-7w;20018;466090;4;66;7776000
fgp-i1nhm-7;20018;466090;4;66;7776000
fi1-jw9wk-21;20018;466090;4;66;7776000
fin-mbepw-1p;20018;466090;4;66;7776000
fq7-2ygnb2-7;20018;466090;4;66;7776000
fq8-2ytnvb-1;20018;466090;4;66;7776000
ffu-hph8p-65;20018;466090;4;66;7776000
ffu-hpmdh-9t;20018;466090;4;66;7776000
ffv-hpy0p-1n;20018;466090;4;66;7776000
fg0-hpstd-34;20018;466090;4;66;7776000
fg1-hpsgn-4b;20018;466090;4;66;7776000
fg1-hu2kk-n;20018;466090;4;66;7776000
fg4-hph6b-3n;20018;466090;4;66;7776000
fgc-hqn00-g;20018;466090;4;66;7776000
fgo-hwmji-5;20018;466090;4;66;7776000
fgo-i336w-3;20018;466090;4;66;7776000
fh0-hxa3c-3h;20018;466090;4;66;7776000
fht-jb0tb-2;20018;466090;4;66;7776000
fhu-jap28-33;20018;466090;4;66;7776000
fhy-jpces-a;20018;466090;4;66;7776000
ffu-hpmtv-2c;20018;466090;4;66;7776000
ffy-hpo0c-1g;20018;466090;4;66;7776000
fg1-hpl9k-3h;20018;466090;4;66;7776000
fg1-hrl4f-1i;20018;466090;4;66;7776000
fg2-hpj23-4x;20018;466090;4;66;7776000
fg3-hpia2-5z;20018;466090;4;66;7776000
fg3-hpilq-9a;20018;466090;4;66;7776000
fg3-hplmh-3i;20018;466090;4;66;7776000
fg3-hpsj8-22;20018;466090;4;66;7776000
fg4-hpq1h-k;20018;466090;4;66;7776000
fgq-httwr-1;20018;466090;4;66;7776000
fgx-i0mru-2;20018;466090;4;66;7776000
fhr-j4c0k-u;20018;466090;4;66;7776000
fhx-jix4j-21;20018;466090;4;66;7776000
fi0-jrt28-z;20018;466090;4;66;7776000
fq7-2ye20w-2;20018;466090;4;66;7776000
fqp-353t3o-1;20018;466090;4;66;7776000
ffu-hphks-8d;20018;466090;4;66;7776000
fg1-hpodz-i6;20018;466090;4;66;7776000
fg2-hpvb1-1r;20018;466090;4;66;7776000
fg2-i547m-k;20018;466090;4;66;7776000
fg2-i8hyr-9;20018;466090;4;66;7776000
fg2-j978o-3;20018;466090;4;66;7776000
fg3-hpism-71;20018;466090;4;66;7776000
fg3-hvb85-b;20018;466090;4;66;7776000
fg4-hphrq-it;20018;466090;4;66;7776000
fg6-hq3tf-2e;20018;466090;4;66;7776000
fge-hrepj-5s;20018;466090;4;66;7776000
fgm-i5xd8-b;20018;466090;4;66;7776000
fgo-htgrg-hg;20018;466090;4;66;7776000
fhp-iz2ct-1k;20018;466090;4;66;7776000
fhp-iznej-16;20018;466090;4;66;7776000
fhq-j0t1q-12;20018;466090;4;66;7776000
fie-l692u-10;20018;466090;4;66;7776000
fin-mndjq-1;20018;466090;4;66;7776000
fio-mc4pa-a;20018;466090;4;66;7776000
ffu-ht2h2-t;20018;466090;4;66;7776000
fg3-hpicl-a5;20018;466090;4;66;7776000
fgm-ht7cf-t;20018;466090;4;66;7776000
fgm-htcde-56;20018;466090;4;66;7776000
fgo-hvxen-b;20018;466090;4;66;7776000
fgo-hy8un-2;20018;466090;4;66;7776000
fgu-hvcvc-2f;20018;466090;4;66;7776000
fhx-jjf2q-10;20018;466090;4;66;7776000
fq8-2yr3ov-1;20018;466090;4;66;7776000
ffs-hs9k4-t;20018;466090;4;66;7776000
ffw-hph4s-1m;20018;466090;4;66;7776000
ffw-hpwzg-6a;20018;466090;4;66;7776000
fg2-hr96m-1i;20018;466090;4;66;7776000
fg3-hpwli-2z;20018;466090;4;66;7776000
fge-hqcg3-uf;20018;466090;4;66;7776000
fgm-htahr-45;20018;466090;4;66;7776000
fgu-psrqk-1;20018;466090;4;66;7776000
fhl-iomlj-29;20018;466090;4;66;7776000
fhl-ioynd-g;20018;466090;4;66;7776000
fhl-is6jl-z;20018;466090;4;66;7776000
fhr-j4mz2-g;20018;466090;4;66;7776000
fhx-jjm57-l;20018;466090;4;66;7776000
fig-lfjrr-7;20018;466090;4;66;7776000
ffw-hpkjz-1f;20018;466090;4;66;7776000
fg2-hph4t-i;20018;466090;4;66;7776000
fg2-htmb7-3;20018;466090;4;66;7776000
fg2-htzic-1;20018;466090;4;66;7776000
fg3-hquuo-7;20018;466090;4;66;7776000
fg3-hrg6t-l;20018;466090;4;66;7776000
fg4-htbwa-1j;20018;466090;4;66;7776000
fg9-hq1nn-82;20018;466090;4;66;7776000
fge-hqbkc-5e;20018;466090;4;66;7776000
fgi-hs1cr-ap;20018;466090;4;66;7776000
fgo-htk2s-3;20018;466090;4;66;7776000
fgq-htvfa-49;20018;466090;4;66;7776000
fgq-hzwn2-2;20018;466090;4;66;7776000
fhl-ipvcb-7;20018;466090;4;66;7776000
fhl-iq6i9-5;20018;466090;4;66;7776000
fhs-j78km-2g;20018;466090;4;66;7776000
fhx-jme4o-s;20018;466090;4;66;7776000
fip-mr3bt-w;20018;466090;4;66;7776000
fg0-hpx5n-3o;20018;466090;4;66;7776000
fg0-i5dh1-t;20018;466090;4;66;7776000
fg2-hpnox-4e;20018;466090;4;66;7776000
fg2-hu18x-6;20018;466090;4;66;7776000
fg6-hq06g-9m;20018;466090;4;66;7776000
fgm-htxqe-5;20018;466090;4;66;7776000
fgq-htvkf-4j;20018;466090;4;66;7776000
fgt-ij77q-2;20018;466090;4;66;7776000
fhu-j9a7e-2t;20018;466090;4;66;7776000
ffv-hpomm-9q;20018;466090;4;66;7776000
ffw-i3crb-b;20018;466090;4;66;7776000
ffy-hpq3n-3;20018;466090;4;66;7776000
fg0-hpgcm-1;20018;466090;4;66;7776000
fg1-hpmy8-17;20018;466090;4;66;7776000
fg1-hu6ez-m;20018;466090;4;66;7776000
fg2-hr6xq-c;20018;466090;4;66;7776000
fg4-hpfw1-m;20018;466090;4;66;7776000
fgi-hs3qh-5s;20018;466090;4;66;7776000
fgq-htxki-3p;20018;466090;4;66;7776000
fgx-hwwuk-16;20018;466090;4;66;7776000
fq1-2w8i51-1;20018;466090;4;66;7776000