7v7-obs61-2,10195,1068,1
fon-2edpt8-1,20188,1058,4
fon-2edpt8-1,20188,1002,2
7v7-obs61-2,10195,1076,1
7ve-myq3t-1,10216,1062,2
88e-2ovixz-52,10670,1071,3
88e-2ovixz-52,10670,1074,3
88e-2ovixz-52,10670,1066,3
88e-2ovixz-52,10670,1061,3
80j-141bfr-j,10387,1061,4
80j-141bfr-j,10387,1058,4
80j-141bfr-j,10387,1042,3
88e-2ovixz-52,10670,1058,4
88e-2ovixz-52,10670,1054,4
fgc-hqft3-d9,20028,1055,3
7q2-hpi41-8i,10010,1074,4
7q2-hpi41-8i,10010,1062,4
7q2-hpi41-8i,10010,1065,4
8bf-38bkbd-1,10779,1001,1
7py-hpg6k-4,10006,1055,3
7py-hpg6k-4,10006,1058,3
8bf-38bkbd-1,10779,1037,3
7py-hpg6k-4,10006,1062,3
7py-hpg6k-4,10006,1065,4
7py-hpg6k-4,10006,1061,3
7py-hpg6k-4,10006,1085,3
882-2mrvmg-h,10658,1066,3
866-2alos0-d,10590,1002,4
fi6-kbv07-8,20005,1055,4
8du-3nyljl-c,10866,1055,1
8bk-399ibs-7,10784,1062,4
8bf-38bkbd-1,10779,1059,4
8cl-3fvzr1-j,10821,1065,2
8ay-359xp0-n,10762,1020,4
8bk-399ibs-7,10784,1065,4
fgv-hvmrj-5q,20047,1065,3
8cl-3fvzr1-j,10821,1054,3
8du-3nyljl-c,10866,1054,2
8cl-3fvzr1-j,10821,1062,2
8bf-38bkbd-1,10779,1055,3
8du-3nyljl-c,10866,1058,1
8cl-3fvzr1-j,10821,1058,2
8bf-38bkbd-1,10779,1062,2
8cl-3fvzr1-j,10821,1061,2
83q-1fsl12-19,10502,1076,3
8bf-38bkbd-1,10779,1058,3
8bf-38bkbd-1,10779,1054,3
8cy-3i6zvr-3,10834,1055,2
8cy-3i6zvr-3,10834,1054,2
8bf-38bkbd-1,10779,1074,2
8du-3nyljl-c,10866,1062,1
8bf-38bkbd-1,10779,1061,3
8bf-38bkbd-1,10779,1065,2
8du-3nyljl-c,10866,1074,1
8bf-38bkbd-1,10779,1075,3
8du-3nyljl-c,10866,1061,1
8cl-3fvzr1-j,10821,1074,1
8du-3nyljl-c,10866,1066,1
8cl-3fvzr1-j,10821,1079,2
8cl-3fvzr1-j,10821,1072,3
8a1-2zdjd4-v,10729,1055,4
8du-3nyljl-c,10866,1065,1
847-1hb7ur-9,10084,1061,4
8a1-2zdjd4-v,10729,1061,3
82g-1bep29-6,10459,1054,4
7px-hpzbr-20,10119,1062,2
8cy-3i6zvr-3,10834,1058,2
8bk-399ibs-7,10784,1075,2
fmp-1cdw2e-3e,20302,1055,3
8bv-3b773g-2,10795,1054,3
8cy-3i6zvr-3,10834,1062,1
7pv-hphqa-89,10219,1045,1
8bv-3b773g-2,10795,1058,4
fmp-1cdw2e-3e,20302,1074,2
8cy-3i6zvr-3,10834,1074,1
fmp-1cdw2e-3e,20302,1061,3
8ay-359xp0-n,10762,1003,4
fmp-1cdw2e-3e,20302,1066,3
8cy-3i6zvr-3,10834,1061,2
7sh-i3j5l-1,10097,1055,3
824-1acvh1-l,10474,1065,4
7pv-hphqa-89,10219,1052,2
fmp-1cdw2e-3e,20302,1050,4
8cy-3i6zvr-3,10834,1065,1
824-1acvh1-l,10474,1058,4
8cy-3i6zvr-3,10834,1066,1
8bk-399ibs-7,10784,1069,4
7pv-hphqa-89,10219,1085,1
8bv-3b773g-2,10795,1079,3
8cy-3i6zvr-3,10834,1076,1
7pv-hphqa-89,10219,1071,1
847-1hb7ur-9,10084,1066,2
7pv-hphqa-89,10219,1079,4
849-1hfhdn-8s,10084,1054,3
7pv-hphqa-89,10219,1055,2
7pv-hphqa-89,10219,1062,2
7pv-hphqa-89,10219,1066,2
7qm-iaa2l-3,10030,1066,1
8bw-3bie4x-6,10796,1055,3
84r-1j1z2u-1k,10539,1066,2
8bw-3bie4x-6,10796,1054,4
8bg-38h1v8-1h,10780,1054,3
8bw-3bie4x-6,10796,1074,4
84p-1t7sci-1,10537,1061,3
8bw-3bie4x-6,10796,1061,3
7pv-hpqnb-9h,10003,1065,3
8bg-38h1v8-1h,10780,1065,4
8bk-399ibs-7,10784,1079,4
7pv-hpqnb-9h,10003,1074,1
8bv-3b773g-2,10795,1085,3
8bg-38h1v8-1h,10780,1062,4
8bv-3b773g-2,10795,1076,3
7pv-hpqnb-9h,10003,1058,1
fgc-hqft3-d9,20028,1054,3
8bg-38h1v8-1h,10780,1058,4
7xm-tuwsz-2q,10183,1046,4
8cy-3i6zvr-3,10834,1067,1
89q-2ycix3-1,10718,1058,3
8bg-38h1v8-1h,10780,1074,3
8bw-3bm7wg-9,10796,1069,4
847-1hb7ur-9,10084,1065,4
7pv-hpqnb-9h,10003,1066,1
8bg-38h1v8-1h,10780,1061,3
8cy-3i6zvr-3,10834,1051,2
89q-2ycix3-1,10718,1062,2
847-1hb7ur-9,10084,1062,4
7xm-tuwsz-2q,10183,1059,2
7yc-wt1lf-26,10180,1065,1
7pv-hpqnb-9h,10003,1061,1
8bg-38h1v8-1h,10780,1072,4
847-1hb7ur-9,10084,1074,4
8bg-38h1v8-1h,10780,1079,3
89q-2ycix3-1,10718,1074,4
7py-hpg6k-4,10006,1077,3
81o-18bpl4-39,10428,1074,2
7yc-wt1lf-26,10180,1062,1
86l-2dh8s3-7,10605,1061,2
8bw-3bie4x-6,10796,1037,2
88n-2qj632-r,10679,1062,2
884-2n2p1f-1h,10660,1055,3
88a-2oayw5-1e,10666,1048,3
7py-hpg6k-4,10006,1067,1
856-24843x-2,10554,1066,3
86l-2dh8s3-7,10605,1065,2
8bv-3b773g-2,10795,1018,1
7xu-uogfi-1m,10290,1077,4
7yc-wt1lf-26,10180,1066,1
884-2n2p1f-1h,10660,1054,3
8bv-3b773g-2,10795,1065,4
8bk-399ibs-7,10784,1059,2
8bv-3b773g-2,10795,1062,4
fk2-spsgb-j,20162,1055,3
856-24843x-2,10554,1072,3
7py-hpg6k-4,10006,1057,2
8bv-3b773g-2,10795,1074,4
884-2n2p1f-1h,10660,1066,4
7py-hpg6k-4,10006,1042,3
812-163gv0-98,10406,1079,3
7py-hpg6k-4,10006,1044,2
884-2n2p1f-1h,10660,1074,2
860-29mgq5-b,10192,1062,3
866-2alos0-d,10590,1001,4
85v-28kh2y-1,10579,1066,4
860-29mgq5-b,10192,1058,3
8bf-38bkbd-1,10779,1002,4
82m-1bxj2n-2q,10404,1079,4
860-29mgq5-b,10192,1065,3
7q2-hpic4-gb,10119,1054,3
8bg-38h1v8-1h,10780,1052,1
8bf-38bkbd-1,10779,1069,3
8cy-3ibygr-u,10834,1044,2
8c1-3cadpr-4,10801,1074,1
7yc-wt1lf-26,10180,1074,1
860-29mgq5-b,10192,1054,4
8bf-38bkbd-1,10779,1051,2
7sn-hyl1g-4w,10084,1055,3
87k-2jhowy-2f,10614,1055,3
84r-1tiwda-8,10539,1061,4
7uq-l6k28-1t,10178,1074,3
7sn-hyl1g-4w,10084,1054,3
8bv-3b773g-2,10795,1066,4
8bv-3b773g-2,10795,1061,4
7sn-hyl1g-4w,10084,1058,3
fgw-hvfl2-p,20048,1055,3
856-241n16-p,10554,1058,4
87k-2jhowy-2f,10614,1054,3
7ti-iqvpj-3r,10134,1055,3
88a-2oayw5-1e,10666,1035,2
7uq-l6k28-1t,10178,1062,2
8c0-3c8myc-8,10800,1054,3
8cz-3ij6tw-b,10835,1054,1
fgw-hvfl2-p,20048,1061,3
8c0-3c2xqy-d,10800,1079,2
8c0-3c8myc-8,10800,1055,3
84q-1ivfzu-42,10538,1062,4
ffw-hptt5-1j,20012,1061,1
8c0-3c8myc-8,10800,1058,4
7qp-hpm3z-3w,10128,1058,4
7pv-hpqnb-9h,10003,1054,4
8bw-3bie4x-6,10796,1042,2
8c0-3c8myc-8,10800,1062,4
8cz-3ij6tw-b,10835,1062,1
88a-2oayw5-1e,10666,1055,4
7uq-l6k28-1t,10178,1055,2
8bk-399ibs-7,10784,1067,1
88a-2oayw5-1e,10666,1058,3
8c0-3c8myc-8,10800,1061,3
8c0-3c2xqy-d,10800,1072,2
866-2alos0-d,10590,1037,4
8c0-3c8myc-8,10800,1066,4
8c0-3c2xqy-d,10800,1054,2
8cz-3ij6tw-b,10835,1074,1
88a-2oayw5-1e,10666,1061,4
84n-1ikkht-17,10535,1066,4
8cy-3ibygr-u,10834,1068,1
8bw-3bm7wg-9,10796,1055,2
84n-1ikkht-17,10535,1062,4
8c0-3c8myc-8,10800,1065,4
7wd-pl1qq-4,10237,1061,4
8cz-3ij6tw-b,10835,1066,1
8c0-3c2xqy-d,10800,1058,2
8bw-3bm7wg-9,10796,1061,1
7re-hq7gn-8c,10129,1074,4
8bk-3973f2-5,10784,1058,4
86k-2d3krj-7,10604,1068,1
87k-2jhowy-2f,10614,1058,4
88a-2oayw5-1e,10666,1065,3
8c0-3c2xqy-d,10800,1062,3
87k-2jhowy-2f,10614,1066,4
8c0-3c2xqy-d,10800,1065,2
8bk-3973f2-5,10784,1054,3
84n-1vnqsw-6,10535,1074,2
86k-2d3krj-7,10604,1054,3
8bf-38bkbd-1,10779,1021,4
7xs-ugvk9-12,10288,1054,3
8cy-3i6zvr-3,10834,1001,2
7sw-i6q87-7d,10051,1065,3
8bp-3bm9f8-1,10789,1062,3
fgw-hvfl2-p,20048,1066,2
88a-2oayw5-1e,10666,1054,4
fiy-n6qw9-6,20126,1054,4
fg6-hpzl6-3x,20022,1054,3
87k-2jhowy-2f,10614,1065,4
86k-2d3krj-7,10604,1085,3
8c0-3c2xqy-d,10800,1050,3
7sw-i6q87-7d,10051,1058,2
84n-1vnqsw-6,10535,1065,2
87k-2jhowy-2f,10614,1062,4
fg6-hpzl6-3x,20022,1085,3
863-29wk8v-2,10587,1055,3
87k-2jhowy-2f,10614,1074,4
7sw-i6q87-7d,10051,1062,2
87k-2jhowy-2f,10614,1061,4
8bk-3973f2-5,10784,1069,3
863-29wk8v-2,10587,1074,3
8c0-3c2xqy-d,10800,1020,3
8c1-3cadpr-4,10801,1076,1
87v-2ljgob-1d,10651,1061,4
8c0-3c5l97-c,10800,1042,4
84n-1vnqsw-6,10535,1058,2
86k-2d3krj-7,10604,1058,2
835-1dnx2n-4b,10481,1062,1
7sd-hvb41-3,10093,1066,4
7sw-i6q87-7d,10051,1074,1
835-1dnx2n-4b,10481,1058,1
89j-2w6c1w-c,10711,1066,4
8bv-3b773g-2,10795,1045,4
8c0-3c5l97-c,10800,1061,4
7sd-hvb41-3,10093,1061,4
89j-2w6c1w-c,10711,1062,4
8c0-3c8myc-8,10800,1043,1
8c1-3cdkpm-8,10801,1065,2
8c1-3cawsv-5,10801,1074,2
8c0-3c8myc-8,10800,1042,4
8c0-3c5l97-c,10800,1055,4
8c4-3cyg1i-b,10804,1055,3
896-2tsfw7-15,10698,1077,3
8c1-3cdkpm-8,10801,1054,2
8bw-3bm7wg-9,10796,1058,1
8c0-3c5l97-c,10800,1058,4
84n-1vnqsw-6,10535,1055,2
7sm-hyvb5-1b,10129,1055,4
8c1-3cdkpm-8,10801,1062,2
8c4-3cyg1i-b,10804,1054,3
8c1-3cawsv-5,10801,1065,3
7sm-hyvb5-1b,10129,1061,4
8cy-3ie533-1,10834,1055,1
8by-3cgcaq-3,10798,1017,3
7sm-hyvb5-1b,10129,1066,3
8c1-3cdkpm-8,10801,1058,2
8c4-3cyg1i-b,10804,1058,3
88a-2oayw5-1e,10666,1075,4
8c0-3c5l97-c,10800,1062,4
8cy-3ie533-1,10834,1058,1
8c1-3cadpr-4,10801,1067,3
8c4-3cyg1i-b,10804,1062,3
88a-2oayw5-1e,10666,1069,3
87p-2kefg3-21,10645,1065,1
8by-3cgcaq-3,10798,1055,3
8cy-3ie533-1,10834,1074,1
8c4-3cyg1i-b,10804,1074,2
850-23ijp3-1,10548,1067,3
8by-3cgcaq-3,10798,1054,3
8bf-38bkbd-1,10779,1046,4
8c1-3cadpr-4,10801,1051,2
8by-3cgcaq-3,10798,1058,3
8c4-3cyg1i-b,10804,1061,3
7ro-hqttt-5,10129,1079,3
86y-2fieul-1,10623,1074,4
885-2nb4ye-n,10661,1065,1
896-2tsfw7-15,10698,1003,2
80j-141bfr-j,10387,1066,4
8c1-3cadpr-4,10801,1037,2
84n-1vnqsw-6,10535,1001,1
87v-2ljgob-1d,10651,1053,4
885-2nb4ye-n,10661,1054,1
8bt-3auja6-4,10793,1055,3
83p-1fnlnp-1,10501,1058,3
84n-1vnqsw-6,10535,1057,4
87p-2kefg3-21,10645,1076,2
8bx-3bmtda-1,10797,1004,2
8c1-3cawsv-5,10801,1054,2
83p-1fnlnp-1,10501,1074,2
8c0-3c8myc-8,10800,1048,2
83v-1gbpqh-30,10568,1062,4
83v-1gbpqh-30,10568,1068,3
7z6-zv492-k,10338,1054,2
84x-201afh-d,10545,1062,2
8bu-3b0tdj-i,10794,1055,4
8c0-3c8myc-8,10800,1020,3
84x-201afh-d,10545,1058,2
7ro-hqttt-5,10129,1069,1
8c0-3c8myc-8,10800,1017,2
84x-201afh-d,10545,1065,3
8c0-3c8myc-8,10800,1051,3
7z6-zv492-k,10338,1058,2
8c0-3c8myc-8,10800,1057,3
89t-2xvj07-b,10721,1054,2
8cg-3f0e5b-3,10816,1020,3
8c0-3c8myc-8,10800,1053,3
83v-1gbpqh-30,10568,1076,4
8c0-3c8myc-8,10800,1077,3
85k-26jlk5-b,10568,1073,4
7z6-zv492-k,10338,1061,2
8bx-3bmtda-1,10797,1042,2
8bf-38dawk-c,10779,1004,2
863-29wk8v-2,10587,1058,1
8bv-3b773g-2,10795,1052,2
863-29wk8v-2,10587,1061,3
85k-26jlk5-b,10568,1035,4
863-29wk8v-2,10587,1066,2
7z6-zv492-k,10338,1062,3
863-29wk8v-2,10587,1062,2
85k-26jlk5-b,10568,1049,4
8c0-3c8myc-8,10800,1068,1
7z6-zv492-k,10338,1074,3
85k-26jlk5-b,10568,1044,4
8bx-3bmtda-1,10797,1072,3
8du-3o0m22-n,10866,1051,4
7ts-j4jzz-1u,10144,1057,4
8du-3o0m22-n,10866,1068,1
7z6-zv492-k,10338,1066,3
80j-141bfr-j,10387,1065,4
7z6-zv492-k,10338,1065,3
80j-141bfr-j,10387,1062,4
8c1-3ca79u-c,10801,1054,2
7s3-im5gn-1,10083,1065,3
8c1-3ca79u-c,10801,1062,2
8c0-3c8myc-8,10800,1075,2
8du-3o0m22-n,10866,1076,1
7s3-im5gn-1,10083,1062,3
89x-2yrjmw-6,10725,1057,2
8bx-3bmtda-1,10797,1051,2
8c0-3c8myc-8,10800,1085,3
8c0-3c4w4p-3,10800,1021,4
7s3-im5gn-1,10083,1068,3
8c1-3ca79u-c,10801,1065,2
856-241gne-7,10554,1077,4
8c0-3c4w4p-3,10800,1037,4
8c0-3c4w4p-3,10800,1044,4
7rc-hq4in-3i,10217,1054,4
7rc-hq4in-3i,10217,1058,4
8c0-3c4w4p-3,10800,1057,3
89x-2yrjmw-6,10725,1051,2
8c7-3dfuw4-1,10807,1072,1
8bx-3bmtda-1,10797,1077,1
8c7-3dfuw4-1,10807,1075,1
fhc-ian91-1f,20064,1055,2
84n-1ikkht-17,10535,1076,2
8c7-3dfuw4-1,10807,1076,1
8c7-3dfuw4-1,10807,1085,1
8c0-3c8myc-8,10800,1069,2
8c7-3dfuw4-1,10807,1071,3
fhc-ian91-1f,20064,1054,2
8c7-3dfuw4-1,10807,1051,2
8c7-3dfuw4-1,10807,1070,2
8f3-3vmnj4-b,10911,1021,2
85m-26vet3-7,10570,1061,4
fmw-1e8x5l-b,20302,1061,2
8f3-3vmnj4-b,10911,1004,1
8cy-3i7e27-w,10834,1079,3
8cy-3i7e27-w,10834,1072,2
8bx-3bmtda-1,10797,1054,2
7s3-im5gn-1,10083,1055,4
8bx-3bmtda-1,10797,1058,1
8bx-3bmtda-1,10797,1062,2
7s3-im5gn-1,10083,1058,4
7s3-im5gn-1,10083,1061,4
89x-2yrjmw-6,10725,1068,4
8c0-3c8myc-8,10800,1018,4
7s3-im5gn-1,10083,1054,4
88r-2r2afp-v,10683,1055,2
88r-2r2afp-v,10683,1054,2
89x-2yrjmw-6,10725,1054,3
88r-2r2afp-v,10683,1058,2
8c1-3cagu1-2m,10801,1055,2
8c1-3cagu1-2m,10801,1054,2
8c1-3cagu1-2m,10801,1062,2
8c1-3cagu1-2m,10801,1065,2
8cy-3ibrsf-k,10834,1055,2
89x-2yrjmw-6,10725,1065,2
89x-2yrjmw-6,10725,1062,3
89x-2yrjmw-6,10725,1058,3
862-29tv2a-16,10547,1051,3
850-21qxce-9,10548,1062,1
862-29tv2a-16,10547,1064,4
862-29tv2a-16,10547,1077,2
862-29tv2a-16,10547,1042,4
8c1-3ca79u-c,10801,1049,2
8c1-3ca79u-c,10801,1037,3
8c0-3c4w4p-3,10800,1068,2
8c0-3c4w4p-3,10800,1055,1
8c0-3c4w4p-3,10800,1061,2
8c0-3c4w4p-3,10800,1062,1
8c0-3c4w4p-3,10800,1076,2
8cy-3ie533-1,10834,1072,2
8c0-3c4w4p-3,10800,1017,2
8cy-3ie533-1,10834,1079,2
8c5-3d0xsj-8,10805,1069,2
897-2tzu65-26,10699,1043,1
89r-2xmfh9-15,10719,1055,3
89r-2xmfh9-15,10719,1074,3
89r-2xmfh9-15,10719,1061,3
86i-2cmpqm-1,10602,1079,4
8dg-3ljezu-6,10852,1065,1
86i-2cmpqm-1,10602,1062,2
898-2u63jr-g,10700,1058,4
8c1-3capgf-1,10801,1062,2
8c1-3capgf-1,10801,1055,3
8c1-3cadpr-4,10801,1001,2
84p-1t7sci-1,10537,1065,3
84r-1tiwda-8,10539,1058,4
8c0-3csae9-2,10800,1068,3
8cy-3ic0dc-d,10834,1055,1
8cy-3ic0dc-d,10834,1061,1
8c0-3csae9-2,10800,1065,1
8c0-3csae9-2,10800,1054,2
8c0-3csae9-2,10800,1058,2
84q-1iwwxc-8,10538,1074,3
8c0-3csae9-2,10800,1062,3
84s-1wnuq6-1a,10540,1066,2
89r-2xqsnd-8,10719,1064,2
8cy-3ie533-1,10834,1073,1
7u5-jte8c-r,10157,1058,2
8cy-3ie533-1,10834,1037,2
89r-2xqsnd-8,10719,1066,4
8cy-3ie533-1,10834,1041,2
7u5-jte8c-r,10157,1054,2
7u6-jwf5q-4b,10084,1051,2
7yc-wt1lf-26,10180,1061,1
7v0-mp9ya-2,10188,1058,2
87v-2ljgob-1d,10651,1052,2
87v-2ljgob-1d,10651,1045,3
8a2-2zj7hu-3,10730,1055,3
87v-2ljgob-1d,10651,1046,3
87v-2ljgob-1d,10651,1041,4
8c0-3c9y57-2,10800,1001,4
87v-2ljgob-1d,10651,1035,4
8c0-3c9y57-2,10800,1037,3
8c0-3c9y57-2,10800,1051,2
8c0-3c9y57-2,10800,1067,2
8c1-3cadpr-4,10801,1042,2
8c0-3c9y57-2,10800,1068,2
8c0-3c9y57-2,10800,1055,1
8c0-3c9y57-2,10800,1058,1
89r-2xmfh9-15,10719,1058,1
8c9-3dshf5-6,10809,1062,2
7uu-litwu-28,10182,1061,1
7uu-litwu-28,10182,1065,1
7px-hpzbr-20,10119,1058,3
7uu-litwu-28,10182,1077,2
7uu-litwu-28,10182,1036,4
7uu-litwu-28,10182,1018,2
85v-28kh2y-1,10579,1020,3
7yx-z3qxk-9,10216,1066,2
7yx-z3qxk-9,10216,1074,2
fj4-oyhmi-1,20128,1046,3
fj4-oyhmi-1,20128,1059,2
fj4-oyhmi-1,20128,1075,2
fj4-oyhmi-1,20128,1069,1
fj4-oyhmi-1,20128,1055,1
fj4-oyhmi-1,20128,1018,4
884-2n3m7r-7,10660,1065,2
884-2n3m7r-7,10660,1054,3
884-2n3m7r-7,10660,1058,3
8c3-3cos6t-2,10803,1004,2
884-2n3m7r-7,10660,1062,2
8c3-3cos6t-2,10803,1037,3
8c3-3cos6t-2,10803,1051,2
8c3-3cos6t-2,10803,1067,2
8c3-3cos6t-2,10803,1077,2
8c3-3cos6t-2,10803,1068,2
8c3-3cos6t-2,10803,1076,1
8dg-3ljbve-3,10852,1021,2
8c3-3cos6t-2,10803,1055,1
8c3-3cos6t-2,10803,1058,1
8c3-3cos6t-2,10803,1062,1
8c3-3cos6t-2,10803,1043,4
fgb-hq7b8-3,20027,1037,2
fgb-hq7b8-3,20027,1051,2
853-23fcmn-4,10551,1021,1
