return {
	prop =
	{
		activityId = 239,
		name = [[红警盛宴]],
		tips = [[<font color="#adb0c0" face = "Microsoft YaHei" fontsize ="20">活动描述：<br/>1.红警盛宴活动期间每天20:05点至21:00可免费领取烟花道具。<br/>2.点燃烟花跳转至世界在您的基地周围燃放烟花，并随机激活1个增益效果。<br/>3.增益效果被激活后将提升等级，当到达最高等级50级后将不再提升等级。<br/>4.每次随机后除等级提升之外，增益时间也将重置。<br/>5.每个等级的增益持续时间不同，增加的效果也不同。<br/>6.点燃烟花后除了给予增益以外同时也会获得相应的奖励。<br/>7.每次最多可同时点燃5个烟花。</font>]],
		priority = 10000,
		icon = [[Activity_Icon_239_Nor.png]],
		selecticon = [[Activity_Icon_239_Sel.png]],
		title = [[活动详情]],
		resetTime = [[20:05_21:00]],
		resetTimeShow = [[20:05-21:00]],
		freeItem = [[30000_23910005_20]],
		consumeItem = [[30000_23910005_1]],
		frieworksReward = [[30000_1400008_2,30000_24200039_20,30000_1782116_2,30000_100050_3,30000_850009_5,30000_850039_5,30000_850019_5,30000_850029_5]],
		frieworksCCB = [[]],
		frieworksDuration = 10,
	},
	celebration_frieworks_buff = [[buffId	buffName	buffDes	buffIcon
1	2	2	2
1	Act23910001	Act23920001	Hero_Support_Skill_001.png
2	Act23910002	Act23920002	Hero_Battle_Skill_067.png
3	Act23910003	Act23920003	Hero_Support_Skill_008.png
4	Act23910004	Act23920004	Hero_Battle_Skill_065.png
]],
	celebration_frieworks_buff_lv = [[buffId	lv	time	type
1	1	1	2
239001	1	1320	1
239002	2	1440	1
239003	3	1560	1
239004	4	1680	1
239005	5	1800	1
239006	6	1920	1
239007	7	2040	1
239008	8	2160	1
239009	9	2280	1
239010	10	2400	1
239011	11	2520	1
239012	12	2640	1
239013	13	2760	1
239014	14	2880	1
239015	15	3000	1
239016	16	3120	1
239017	17	3240	1
239018	18	3360	1
239019	19	3480	1
239020	20	3600	1
239021	21	3720	1
239022	22	3840	1
239023	23	3960	1
239024	24	4080	1
239025	25	4200	1
239026	26	4320	1
239027	27	4440	1
239028	28	4560	1
239029	29	4680	1
239030	30	4800	1
239031	31	4920	1
239032	32	5040	1
239033	33	5160	1
239034	34	5280	1
239035	35	5400	1
239036	36	5520	1
239037	37	5640	1
239038	38	5760	1
239039	39	5880	1
239040	40	6000	1
239041	41	6120	1
239042	42	6240	1
239043	43	6360	1
239044	44	6480	1
239045	45	6600	1
239046	46	6720	1
239047	47	6840	1
239048	48	6960	1
239049	49	7080	1
239050	50	7200	1
239051	1	1320	2
239052	2	1440	2
239053	3	1560	2
239054	4	1680	2
239055	5	1800	2
239056	6	1920	2
239057	7	2040	2
239058	8	2160	2
239059	9	2280	2
239060	10	2400	2
239061	11	2520	2
239062	12	2640	2
239063	13	2760	2
239064	14	2880	2
239065	15	3000	2
239066	16	3120	2
239067	17	3240	2
239068	18	3360	2
239069	19	3480	2
239070	20	3600	2
239071	21	3720	2
239072	22	3840	2
239073	23	3960	2
239074	24	4080	2
239075	25	4200	2
239076	26	4320	2
239077	27	4440	2
239078	28	4560	2
239079	29	4680	2
239080	30	4800	2
239081	31	4920	2
239082	32	5040	2
239083	33	5160	2
239084	34	5280	2
239085	35	5400	2
239086	36	5520	2
239087	37	5640	2
239088	38	5760	2
239089	39	5880	2
239090	40	6000	2
239091	41	6120	2
239092	42	6240	2
239093	43	6360	2
239094	44	6480	2
239095	45	6600	2
239096	46	6720	2
239097	47	6840	2
239098	48	6960	2
239099	49	7080	2
239100	50	7200	2
239101	1	1320	3
239102	2	1440	3
239103	3	1560	3
239104	4	1680	3
239105	5	1800	3
239106	6	1920	3
239107	7	2040	3
239108	8	2160	3
239109	9	2280	3
239110	10	2400	3
239111	11	2520	3
239112	12	2640	3
239113	13	2760	3
239114	14	2880	3
239115	15	3000	3
239116	16	3120	3
239117	17	3240	3
239118	18	3360	3
239119	19	3480	3
239120	20	3600	3
239121	21	3720	3
239122	22	3840	3
239123	23	3960	3
239124	24	4080	3
239125	25	4200	3
239126	26	4320	3
239127	27	4440	3
239128	28	4560	3
239129	29	4680	3
239130	30	4800	3
239131	31	4920	3
239132	32	5040	3
239133	33	5160	3
239134	34	5280	3
239135	35	5400	3
239136	36	5520	3
239137	37	5640	3
239138	38	5760	3
239139	39	5880	3
239140	40	6000	3
239141	41	6120	3
239142	42	6240	3
239143	43	6360	3
239144	44	6480	3
239145	45	6600	3
239146	46	6720	3
239147	47	6840	3
239148	48	6960	3
239149	49	7080	3
239150	50	7200	3
239151	1	1320	4
239152	2	1440	4
239153	3	1560	4
239154	4	1680	4
239155	5	1800	4
239156	6	1920	4
239157	7	2040	4
239158	8	2160	4
239159	9	2280	4
239160	10	2400	4
239161	11	2520	4
239162	12	2640	4
239163	13	2760	4
239164	14	2880	4
239165	15	3000	4
239166	16	3120	4
239167	17	3240	4
239168	18	3360	4
239169	19	3480	4
239170	20	3600	4
239171	21	3720	4
239172	22	3840	4
239173	23	3960	4
239174	24	4080	4
239175	25	4200	4
239176	26	4320	4
239177	27	4440	4
239178	28	4560	4
239179	29	4680	4
239180	30	4800	4
239181	31	4920	4
239182	32	5040	4
239183	33	5160	4
239184	34	5280	4
239185	35	5400	4
239186	36	5520	4
239187	37	5640	4
239188	38	5760	4
239189	39	5880	4
239190	40	6000	4
239191	41	6120	4
239192	42	6240	4
239193	43	6360	4
239194	44	6480	4
239195	45	6600	4
239196	46	6720	4
239197	47	6840	4
239198	48	6960	4
239199	49	7080	4
239200	50	7200	4
]],

}