return {
	prop =
	{
		activityId = 353,
		name = [[庆典狂欢卡]],
		title = [[活动详情]],
		tips = [[<font color="#adb0c0" face = "Microsoft YaHei" fontsize ="20">1.每次翻牌必得1种奖励，并额外获得城建礼包。<br/>2.每次翻牌消耗金条和精装翻牌券，具体数量如下：<br/>第1次     6精装翻牌券+60金条<br/>第2次     12精装翻牌券+120金条<br/>第3次     24精装翻牌券+240金条<br/>第4次     48精装翻牌券+480金条<br/>第5次     88精装翻牌券+880金条<br/>第6次     160精装翻牌券+1600金条<br/>第7次     300精装翻牌券+3000金条<br/>第8次     360精装翻牌券+3600金条<br/>3.活动期间充值金条完成任务可获得精装翻牌券；直购活动、每日必买、特权补给等活动不计入充值任务。<br/>4.每天可使用1次重新翻牌机会刷新卡牌状态（明牌变暗牌），重新翻牌消耗100金币。<br/>5.活动期间翻中最终大奖后，无法使用重新翻牌机会。<br/>6.活动期间翻中最终大奖后，不建议继续翻牌，未使用完的精装翻牌券下期活动可以继续使用。<br/>7.活动期间最多通过任务获得1288个精装翻牌券。</font>]],
		priority = 10062,
		icon = [[Activity_Icon_350_Nor.png]],
		selecticon = [[Activity_Icon_350_Sel.png]],
		bigIcon = [[]],
		tips2 = [[<font color="#adb0c0" face = "Microsoft YaHei" fontsize ="20">对方刮卡后奖励会发放到您的邮箱，如果对方拒绝或x小时未刮，狂欢卡会返还回您的背包<br/>2.活动结束前的12小时内无法邀请他人代刮 </font>]],
		lotteryCost = [[30000_21070026_1]],
		lotteryPosCount = 9,
		assistLimit = 5,
		assistOutTime = 3600,
		assistTimeLimit = 13600,
		extReward = [[30000_840172_1]],
		lotteryGetNums = [[6_1,66_2,666_10,6666_1000]],
		rewardPreview = [[30000_1780050_10,30000_810002_2,30000_840194_800,30000_840195_200,30000_9990032_400,30000_9990032_888,30000_9990032_1200,30000_21062410_100]],
	},
	lottery_ticket_reward = [[id	pool	multiplyValue	showValue	reward	weight1	weight2	assistReward
1	1	1	1	2	1	1	1
1	1	1	6	30000_1780050_10	1200	5200	
2	1	1	6	30000_810002_2	1200	1200	
3	1	1	6	30000_840194_800	700	700	
4	1	1	6	30000_840195_200	360	1360	
5	1	1	6	30000_9990032_400	360	360	
6	1	1	6	30000_9990032_888	40	40	
7	1	1	6	30000_9990032_1200	40	40	
8	1	1	6	30000_21062410_100	1	1	
9	1	2	66	30000_1780050_10	1200	5200	
10	1	2	66	30000_810002_2	1200	1200	
11	1	2	66	30000_840194_800	700	700	
12	1	2	66	30000_840195_200	360	1360	
13	1	2	66	30000_9990032_400	360	360	
14	1	2	66	30000_9990032_888	40	40	
15	1	2	66	30000_9990032_1200	40	40	
16	1	2	66	30000_21062410_100	1	1	
17	1	10	666	30000_1780050_10	1200	5200	
18	1	10	666	30000_810002_2	1200	1200	
19	1	10	666	30000_840194_800	700	700	
20	1	10	666	30000_840195_200	360	1360	
21	1	10	666	30000_9990032_400	360	360	
22	1	10	666	30000_9990032_888	40	40	
23	1	10	666	30000_9990032_1200	40	40	
24	1	10	666	30000_21062410_100	1	1	
25	1	100	6666	30000_1780050_10	1200	5200	
26	1	100	6666	30000_810002_2	1200	1200	
27	1	100	6666	30000_840194_800	700	700	
28	1	100	6666	30000_840195_200	360	1360	
29	1	100	6666	30000_9990032_400	360	360	
30	1	100	6666	30000_9990032_888	40	40	
31	1	100	6666	30000_9990032_1200	40	40	
32	1	100	6666	30000_21062410_100	1	1	30000_21062410_100,30000_9990032_1200,30000_840195_200
33	1	0		30000_1780050_10	1200	5200	
34	1	0		30000_810002_2	1200	1200	
35	1	0		30000_840194_800	700	700	
36	1	0		30000_840195_200	360	1360	
37	1	0		30000_9990032_400	360	360	
38	1	0		30000_9990032_888	40	40	
39	1	0		30000_9990032_1200	40	40	
40	1	0		30000_21062410_100	1	1	
41	2	1	6	30000_1780050_10	1200	5200	
42	2	1	6	30000_810002_2	1200	1200	
43	2	1	6	30000_840194_800	700	700	
44	2	1	6	30000_840195_200	360	1360	
45	2	1	6	30000_9990032_400	360	360	
46	2	1	6	30000_9990032_888	40	40	
47	2	1	6	30000_9990032_1200	40	40	
48	2	1	6	30000_21062410_100	1	1	
49	2	2	66	30000_1780050_10	1200	5200	
50	2	2	66	30000_810002_2	1200	1200	
51	2	2	66	30000_840194_800	700	700	
52	2	2	66	30000_840195_200	360	1360	
53	2	2	66	30000_9990032_400	360	360	
54	2	2	66	30000_9990032_888	40	40	
55	2	2	66	30000_9990032_1200	40	40	
56	2	2	66	30000_21062410_100	1	1	
57	2	10	666	30000_1780050_10	1200	5200	
58	2	10	666	30000_810002_2	1200	1200	
59	2	10	666	30000_840194_800	700	700	
60	2	10	666	30000_840195_200	360	1360	
61	2	10	666	30000_9990032_400	360	360	
62	2	10	666	30000_9990032_888	40	40	
63	2	10	666	30000_9990032_1200	40	40	
64	2	10	666	30000_21062410_100	1	1	
65	2	100	6666	30000_1780050_10	1200	5200	
66	2	100	6666	30000_810002_2	1200	1200	
67	2	100	6666	30000_840194_800	700	700	
68	2	100	6666	30000_840195_200	360	1360	
69	2	100	6666	30000_9990032_400	360	360	
70	2	100	6666	30000_9990032_888	40	40	
71	2	100	6666	30000_9990032_1200	40	40	
72	2	100	6666	30000_21062410_100	1	1	
]],
	lottery_ticket_shop = [[id	times	iosPayId	androidPayID	payQuota	reward	otherReward
1	1	1	1	1	2	2
1	1	3382801	3382901	6	30000_21070026_1	10000_1005_60
2	10	3382802	3382902	30	30000_21070026_3	10000_1005_300
3	10	3382803	3382903	98	30000_21070026_10	10000_1005_980
4	6	3382804	3382904	198	30000_21070026_20	10000_1005_1980
5	2	3382805	3382905	648	30000_21070026_65	10000_1005_6480
]],

}