return {
	prop =
	{
		activityId = 293,
		name = [[移民]],
		title = [[活动详情]],
		tips = [[<font color="#adb0c0" face = "Microsoft YaHei" fontsize ="20">临时介绍，后续补充</font>]],
		priority = 10051,
		icon = [[Activity_Icon_293_Nor.png]],
		selecticon = [[Activity_Icon_293_Sel.png]],
		bigIcon = [[DiamondsIcon_02.png]],
		item = 21070008,
		newServerProtect = 15552000,
		newServerNum = 10,
	},
	migrant_num = [[id	number	powerMin	power	rank
1	1	1	1	1
29310001	0	25000000	40000000	1
29310002	1	20000000	40000000	2
29310003	2	15000000	40000000	4
29310004	3	12000000	35000000	8
29310005	4	10000000	30000000	16
29310006	6	8000000	25000000	32
29310007	8	4000000	25000000	64
29310008	10	2000000	25000000	0
]],
	migrant_item_use = [[id	rank	localNumber	targetNumber
1	1	1	1
29320001	1	50	100
29320002	2	49	99
29320003	3	48	98
29320004	4	47	97
29320005	5	46	96
29320006	6	45	95
29320007	7	44	94
29320008	8	43	93
29320009	9	42	92
29320010	10	41	91
29320011	11	40	90
29320012	12	39	89
29320013	13	38	88
29320014	14	37	87
29320015	15	36	86
29320016	16	35	85
29320017	17	34	84
29320018	18	33	83
29320019	19	32	82
29320020	20	31	81
29320021	21	30	80
29320022	22	29	79
29320023	23	28	78
29320024	24	27	77
29320025	25	26	76
29320026	26	25	75
29320027	27	24	74
29320028	28	23	73
29320029	29	22	72
29320030	30	21	71
29320031	31	20	70
29320032	32	19	69
29320033	33	18	68
29320034	34	17	67
29320035	35	16	66
29320036	36	15	65
29320037	37	14	64
29320038	38	13	63
29320039	39	12	62
29320040	40	11	61
29320041	41	10	60
29320042	42	9	59
29320043	43	8	58
29320044	44	7	57
29320045	45	6	56
29320046	46	5	55
29320047	47	4	54
29320048	48	3	53
29320049	49	2	52
29320050	50	1	51
29320051	51	0	50
29320052	52	0	49
29320053	53	0	48
29320054	54	0	47
29320055	55	0	46
29320056	56	0	45
29320057	57	0	44
29320058	58	0	43
29320059	59	0	42
29320060	60	0	41
29320061	61	0	40
29320062	62	0	39
29320063	63	0	38
29320064	64	0	37
29320065	65	0	36
29320066	66	0	35
29320067	67	0	34
29320068	68	0	33
29320069	69	0	32
29320070	70	0	31
29320071	71	0	30
29320072	72	0	29
29320073	73	0	28
29320074	74	0	27
29320075	75	0	26
29320076	76	0	25
29320077	77	0	24
29320078	78	0	23
29320079	79	0	22
29320080	80	0	21
29320081	81	0	20
29320082	82	0	19
29320083	83	0	18
29320084	84	0	17
29320085	85	0	16
29320086	86	0	15
29320087	87	0	14
29320088	88	0	13
29320089	89	0	12
29320090	90	0	11
29320091	91	0	10
29320092	92	0	9
29320093	93	0	8
29320094	94	0	7
29320095	95	0	6
29320096	96	0	5
29320097	97	0	4
29320098	98	0	3
29320099	99	0	2
29320100	100	0	1
29320101	101	0	0
]],
	migrant_condition = [[id	type	order	html	gotoType	gotoParam	isHide
1	1	1	2	1	1	1
29330001	1	1	MigrantCondition1	2007		0
29330002	2	2	MigrantCondition2	1201		0
29330003	3	3	MigrantCondition3	2008		0
29330004	4	4	MigrantCondition4	2009		0
29330005	5	5	MigrantCondition5	2010		0
29330006	6	6	MigrantCondition6	2011		0
29330007	7	10	MigrantCondition7	-1		1
29330008	8	11	MigrantCondition8	-1		1
29330009	9	7	MigrantCondition9	1125	2214	0
29330010	10	8	MigrantCondition10	1125	2214	0
29330011	11	9	MigrantCondition11	1125	2227	0
]],

}