8cy-3j8q5g-1,10834,313,4
fgu-hv4nn-4v,20027,606,13
7sn-hxz0t-58,10103,208,7
8bp-3a4oib-39,10789,613,8
8dm-3mkwf9-g,10858,431,1
8dq-3n9aas-e,10862,411,11
80f-13kyuo-1c,10383,432,9
850-21qxce-9,10548,408,1
7tg-in7t7-5s,10132,418,13
8bx-3bmtda-1,10797,218,4
7zc-10aw5p-c,10150,628,11
fn1-1fh7lz-35,20269,442,8
815-16b34u-1h,10409,612,10
8bq-3afqhr-d,10790,214,0
7t1-i90if-7o,10084,616,8
7zc-10aw5p-c,10150,631,0
8dd-3kz91a-d,10849,202,1
7pu-hqg4u-4s,10002,606,0
fjj-pp7gc-o,20098,439,9
898-2u63jr-g,10700,625,5
86t-2er2u3-2e,10613,607,18
898-2u63jr-g,10700,626,0
8f3-3vjwtl-5,10911,201,4
7xy-v7gtv-3,10294,501,0
8bw-3bf54u-h,10796,431,4
7ro-hqfzl-5s,10119,626,2
7ro-hqfzl-5s,10119,617,0
7pv-hphn0-3g,10003,616,0
8ca-3dw4o0-3,10810,234,1
87w-2lp0ep-g,10652,504,2
7ro-hqfzl-5s,10119,627,0
7td-ijub0-6y,10119,621,19
7td-ijub0-6y,10119,625,0
7qi-hpkm3-6q,10026,430,2
7td-ijub0-6y,10119,626,0
831-1d8lee-2r,10477,636,3
7q2-hq05o-25,10119,616,0
7q9-hphzz-5,10017,616,7
85i-26h7h2-3,10566,611,4
84u-1ye6n1-t,10019,621,13
7pv-hphn0-3g,10003,621,0
8c0-3c9y57-2,10800,408,8
87k-2jhowy-2f,10614,626,11
89p-2x66u5-z,10717,237,9
7ro-hqfzl-5s,10119,631,0
7q9-hphzz-5,10017,621,0
7rq-hrui2-1v,10070,641,2
7pv-hphn0-3g,10003,626,0
8du-3o0m22-n,10866,602,14
7v7-mfuq1-1v,10195,616,0
87k-2jhowy-2f,10614,627,0
831-1d8lee-2r,10477,641,0
81v-19apyn-82,10435,616,0
8bg-38gzno-1,10780,514,4
7pv-hphn0-3g,10003,631,0
7v7-mfuq1-1v,10195,621,0
7pv-hphn0-3g,10003,636,0
87k-2jhowy-2f,10614,630,0
87k-2jhowy-2f,10614,622,0
80x-15pabg-16,10401,427,11
7v7-mfuq1-1v,10195,620,0
7qx-hpzny-65,10041,608,9
fp8-2lspti-3,20348,616,0
7v7-mfuq1-1v,10195,625,0
8bf-38bxm7-7,10779,616,4
fp8-2lspti-3,20348,621,0
83y-1gif2p-g3,10510,616,7
8df-3ld4cr-b,10851,606,5
83y-1gif2p-g3,10510,621,0
fp8-2lspti-3,20348,626,0
fqk-335dq9-2,20396,616,2
83y-1gif2p-g3,10510,626,0
7ur-la9e3-4,10179,602,2
7v7-mfuq1-1v,10195,626,0
84s-1w5urt-g,10527,233,6
7v0-m7dck-c,10188,611,11
808-12wskl-y,10428,437,5
7v0-m7dck-c,10188,613,0
7v0-m7dck-c,10188,608,0
7qj-hpiu3-10m,10027,605,6
86p-2e0vkt-2p,10823,205,0
84q-1p0pwq-4,10538,314,2
fqk-332yjx-5,20396,511,0
fht-jbmqd-1b,20089,616,0
8dg-3ljcb0-3,10852,430,4
7s1-ht9hs-8i,10081,230,8
8ep-3tb67j-1,10897,401,3
7to-izrh3-12,10140,214,6
fif-ldt8j-a,20103,426,1
fp8-2lu28k-4,20348,602,9
8c1-3cagu1-2m,10801,508,3
7ua-k4ueh-t,10180,511,2
7ua-k4ueh-t,10180,513,0
7ua-k4ueh-t,10180,514,0
84o-1sl993-2,10536,228,9
fqf-31bj7k-1,20391,232,4
7yp-ybtz1-4l,10180,314,1
8dg-3ljezu-6,10852,228,7
8c1-3capgf-1,10801,104,0
7zg-10lh5n-3x,10128,505,3
84u-1ye6n1-t,10019,625,0
7t6-ielas-m,10122,419,3
7uh-kjdmt-2y,10180,209,9
8cy-3ie533-1,10834,424,9
8cy-3ie533-1,10834,426,7
7yv-yx3dx-1d,10359,444,11
8cx-3i24sr-q,10833,443,15
fgn-ht9oo-2,20039,406,11
7qz-hq2ps-6p,10043,237,6
8du-3nye7o-4,10866,406,9
fmp-1cdw2e-3e,20302,413,0
867-2awiug-23,10591,224,7
7pv-hphn0-3g,10003,446,0
8c2-3clap7-1,10802,222,1
7qq-hppj9-8r,10034,213,1
7ve-myq3t-1,10216,403,13
7ts-j4jzz-1u,10144,422,2
7qo-hpnf6-35,10051,413,0
85s-280piw-19,10576,614,17
7vl-nhlny-5,10209,407,0
7vs-nz0p4-2,10070,605,16
8dx-3ojma0-2s,10869,240,0
flq-153vqx-1,20222,508,1
8eg-3rx042-1,10888,231,4
8du-3o35r5-l,10866,222,3
8c5-3d0xsj-8,10805,402,8
8ca-3dzlyr-4,10810,601,4
7vi-n9yb4-2o,10206,108,4
7s0-htnmm-37,10080,616,7
8ey-3ute5t-l,10906,601,8
851-2359kl-4,10549,218,9
81o-18dde5-l,10428,416,13
7r6-hq4c3-if,10119,233,6
7v7-obs61-2,10195,604,7
89q-2ycix3-1,10718,412,6
873-2gfzl1-6,10623,410,1
8eu-3u3qjh-5,10902,601,2
7us-ld74u-b,10180,437,16
8c0-3c4w4p-3,10800,413,13
8d0-3iqwzu-u,10836,236,8
84v-1z5ted-7,10543,304,0
884-2n3m7r-7,10660,437,5
7r8-hr5s6-d,10052,616,1
8cb-3e2w9p-2,10811,605,15
7ys-yiyyw-15,10180,234,3
7zm-112j1k-w,10354,419,9
80j-141bfr-j,10387,616,0
7r0-hq0f1-f6,10044,607,3
83q-1fsl12-19,10502,442,2
88e-2ovixz-52,10670,606,9
8bx-3bpm7d-1,10797,240,7
8c1-3ca79u-c,10801,440,1
84x-201afh-d,10545,439,18
7px-hpjsg-3o,10119,602,11
84o-1sl993-2,10536,243,2
fg2-htzic-1,20018,610,0
8c1-3cb2yc-7,10801,431,14
