83v-1gbpqh-30,10568,2,11029,3997
7qa-hrhab-11,10018,2,11029,1757
87y-2m3t74-f,10654,2,11029,1307
8bu-3b0tdj-i,10794,2,11029,4216
83q-1fsl12-19,10502,2,11029,1263
7wc-pedk1-1d,10180,2,11029,5061
86k-2d3krj-7,10604,2,11029,5081
8cu-3hh26z-1,10830,2,11029,1746
fqk-335dq9-2,20396,3,11035,8523
8bx-3bmtda-1,10797,2,11029,5345
fpq-2sd84c-3,20313,2,11029,2012
fjj-pp7gc-o,20098,2,11029,5749
8c3-3cos6t-2,10803,2,11029,1021
7v1-m517r-y,10070,2,11029,3658
86n-2dn8vk-c,10607,2,11029,1399
7q1-hpkn2-2m,10009,2,11029,1672
8a1-2zdjd4-v,10729,1,11028,6237
7t1-i90if-7o,10084,3,11035,5266
80f-13p4vr-14,10383,3,11035,3840
fgv-hvmrj-5q,20047,2,11029,2104
84s-1wnuq6-1a,10540,2,11029,2327
84s-1wnuq6-1a,10540,1,11028,2300
850-23ijp3-1,10548,1,11028,5051
7q9-hpiow-7t,10017,3,11035,7399
84s-1wnuq6-1a,10540,3,11035,2307
826-1aiole-1s,10474,2,11029,4623
fq9-2z3ztb-9,20385,2,11029,2345
873-2ggb6i-a,10623,2,11029,3707
7qr-hplo5-ed,10035,2,11029,4446
7q6-hq52r-m,10019,3,11035,5503
7r4-hq3d3-aj,10048,2,11029,3498
868-2awgdu-m,10592,1,11028,2069
7xu-uovcy-3i,10180,3,11035,2600
86z-2fo7zc-r,10619,2,11029,3558
83k-1f68vu-5,10496,2,11029,2740
8du-3nz909-d,10866,2,11029,2359
84z-20yoky-4,10547,1,11028,3784
7ts-j5bc0-3u,10144,1,11028,3556
7pv-hqi7f-1g,10219,2,11029,4205
86i-2coz7r-r,10602,3,11035,1299
8dg-3lm4v4-c,10852,2,11029,1000
7py-hpg6k-4,10006,2,11029,3749
7vd-mx9lb-3t,10201,2,11029,4028
86i-2coz7r-r,10602,2,11029,1400
84t-1xa14x-6,10019,3,11035,9199
fm0-16iybb-b,20232,1,11028,4514
871-2g7mup-k,10621,2,11029,6293
fm0-16krux-2,20232,2,11029,1428
869-2b1tqn-2b,10593,2,11029,1258
7ur-l8ajv-15,10070,3,11035,2294
84n-1ikkht-17,10535,1,11028,2289
83i-1extn2-11,10524,2,11029,2676
7zc-10aw5p-c,10150,3,11035,5293
7q2-hpi41-8i,10010,2,11029,2740
8cl-3fvzr1-j,10821,2,11029,3487
7z1-zejxa-4k,10333,2,11029,1017
8cg-3f0e5b-3,10816,2,11029,1221
8bw-3bie4x-6,10796,3,11035,1716
fgw-hvfl2-p,20048,2,11029,4802
8cy-3i6zvr-3,10834,2,11029,1220
7qy-hq0ja-3l,10503,2,11029,5640
7r8-hqals-5w,10052,3,11035,7622
812-163gv0-98,10406,2,11029,2455
898-2u63jr-g,10700,3,11035,11255
808-12wskl-y,10428,1,11028,3103
fp8-2lu28k-4,20348,2,11029,4334
7wn-q622v-m,10070,3,11035,12589
7re-hq7gn-8c,10129,2,11029,2063
80j-141bfr-j,10387,2,11029,5107
7we-pitef-8,10238,2,11029,1055
7ys-yiyyw-15,10180,3,11035,1614
7ql-hppy5-3o,10090,2,11029,5005
fg6-hpzl6-3x,20022,2,11029,4616
8dg-3ljcb0-3,10852,2,11029,3660
8bf-38bkbd-1,10779,2,11029,2958
82g-1bep29-6,10459,2,11029,1796
8d9-3k7nyu-p,10845,3,11035,1000
8d9-3k7nyu-p,10845,2,11029,1051
7s3-im5gn-1,10083,2,11029,3753
807-12rfbt-3l,10375,2,11029,1000
fgz-hwzz3-n,20051,2,11029,1080
7qy-hpudt-s,10503,3,11035,1602
fp5-2kxb7m-1,20345,3,11035,1576
7s4-htx56-9f,10084,2,11029,6614
7y9-wh0dw-77,10207,2,11029,2184
8c2-3clap7-1,10802,2,11029,6858
85p-27lux3-1,10573,2,11029,1446
7yv-yx3dx-1d,10359,2,11029,3380
84r-1tiwda-8,10539,2,11029,3118
fp8-2lspti-3,20348,1,11028,2301
8c3-3cos6t-2,10803,3,11035,1000
8c3-3cos6t-2,10803,1,11028,1015
8c1-3cdkpm-8,10801,2,11029,2258
7q2-hq05o-25,10119,1,11028,4334
83s-1g0plm-c,10504,2,11029,1710
85v-28kh2y-1,10579,2,11029,3030
8di-3luqel-2,10854,2,11029,1060
7rb-hr8kt-w,10055,3,11035,8721
7y7-wbl32-1d,10303,2,11029,1021
7q9-hppng-2d,10017,3,11035,12769
8bp-3a4oib-39,10789,3,11035,4292
8c0-3c9y57-2,10800,2,11029,2841
8di-3ltoju-f,10854,2,11029,1219
7vs-nz0p4-2,10070,3,11035,4237
81j-17pqk2-1r,10423,1,11028,2037
80o-14jxd8-3n,10392,3,11035,1563
fh4-hz99o-2b,20027,2,11029,1664
7ua-k4ueh-t,10180,3,11035,6969
7py-hpgc7-i,10006,2,11029,6325
8bk-3973f2-5,10784,2,11029,4855
8bl-39gbdw-6,10785,2,11029,1385
7px-hpzbr-20,10119,2,11029,3524
7r6-hq4c3-if,10119,1,11028,5083
7uz-lxxhq-r,10187,2,11029,1607
7qz-hq2ps-6p,10043,2,11029,2178
84u-1ye6n1-t,10019,3,11035,4256
89j-2w6c1w-c,10711,2,11029,6529
7qy-hpupd-76,10042,2,11029,1861
8bf-38dawk-c,10779,2,11029,2000
7qs-hpswq-i2,10036,1,11028,3537
88n-2qj632-r,10679,2,11029,1366
8df-3la782-5,10851,1,11028,1000
fp6-2la94e-1,20346,2,11029,3021
7rf-hqdya-12r,10059,2,11029,4304
89t-2xvj07-b,10721,2,11029,4602
856-241gne-7,10554,1,11028,3184
fgg-i8tjv-g,20098,1,11028,5560
81e-173o6n-1s,10180,3,11035,7749
7pw-hpl6z-9x,10019,2,11029,1112
8dh-3lnnt9-e,10853,2,11029,3553

