10001
10002
10004
10005
10009
10011
10013
10016
10018
10022
10024
10026
10029
10032
10036
10041
10043
10045
10047
10124
10140
10144
10149
10160
10162
10166
10183
10231
10232
10241
10253
10267
10270
10293
10300
10340
10347
10401
10453
10469
10491
10506
10532
10561
10622
10647
10686
10705
10732
10785
10789
10797
10805
10813
10821
10825
10829
10833
10837
10841
10845
10848
10851
10853
10855
10856
10859
10860
10863
10865
10867
10869
10871
10873
10875
10877
10878
10879
10880
10881
10882
10883
10884
10885
10886
10887
10888
10889
20001
20004
20006
20008
20011
20015
20018
20020
20021
20032
20058
20072
20080
20099
20107
20136
20144
20169
20182
20186
20198
20225
20245
20271
20315
20395
20406
20413