7u9-rfpgk-5,7qi-3dcgjc-gcw,410,2,0,1658800,0,0,1556082468860,1687051653089,0,0
7x6-ty8uy-4,7qi-3dcgjc-bfh,220,0,1,33600,0,0,1560306650108,1608833142855,0,0
7ww-rf56h-8,7qi-3dcgjc-8bb,240,20,0,0,0,0,1556056185447,1576665441902,0,0
7ut-o0nrl-f,7qi-3dcgjc-bkt,345,0,4,5612480,0,0,1550341585592,1695383611692,0,0
7u9-k83me-y,7qi-3dcgjc-hjk,255,10,0,0,0,0,1543970262773,1560822886911,0,0
7x3-ybzcf-3,7qi-3dcgjc-akz,360,20,0,0,0,0,1567665967139,1678373342413,0,0
7ww-t9gn6-b,7qi-3dcgjc-8bb,345,2,2,5928640,0,0,1559150338257,1682311160397,0,0
7wz-s9dkl-1h,7qi-3dcgjc-mq,235,0,0,4600,0,0,1557466741964,1571383655632,0,0
7u7-mvhn1-g,7qi-3dcgjc-ga5,335,0,2,158400,0,0,1548420749590,1669468098776,0,0
7qi-2ukmg8-1,7qi-3dcgjc-gie,205,0,0,0,0,0,1682283048580,1682283048580,0,0
7ut-ybzcf-39,7qi-3dcgjc-bkt,525,20,0,0,0,0,1567665967199,1608679494526,0,0
7x3-ybzcf-6,7qi-3dcgjc-akz,445,20,0,342160,0,0,1567665967144,1715409146450,0,0
7ut-ybzcf-q,7qi-3dcgjc-908,530,15,0,2425600,0,0,1567665967044,1694449835084,0,0
7u9-r2ze2-8,7qi-3dcgjc-hjk,515,3,2,8430400,0,0,1555488810656,1694430109410,0,0
7wz-s9dkl-1e,7qi-3dcgjc-mq,220,0,0,600,0,0,1557466741958,1560504381699,0,0
7u7-k8rjo-9,7qi-3dcgjc-ga5,235,20,0,0,0,0,1544001268254,1596290224461,0,0
7x3-rupy4-1g,7qi-3dcgjc-le,120,5,0,0,0,0,1556782940579,1650720167028,0,0
7u7-ybzcf-1s,7qi-3dcgjc-irn,440,12,0,2792400,1,0,1567665967578,1695260257919,0,0
7u7-25p9ez-c,7qi-3dcgjc-le,255,0,0,29000,0,0,1640509035978,1659672764515,0,0
7x3-vkddm-6,7qi-3dcgjc-akz,305,20,0,0,0,0,1563018554798,1626771506687,0,0
7u7-2cekev-9,7qi-3dcgjc-bqq,540,0,0,862400,0,0,1651767383383,1684717803818,0,0
7u7-293cpp-5,7qi-3dcgjc-bqq,405,0,0,67080,0,0,1646205341480,1692326311301,0,0
7u9-q8th7-2v,7qi-3dcgjc-345,505,3,0,0,0,0,1554081467533,1555150960624,0,0
7ut-lf6ff-3h,7qi-3dcgjc-908,130,5,0,0,0,0,1545980107689,1548689686730,0,0
7u9-k0tgm-1s,7qi-3dcgjc-345,105,4,0,0,0,0,1543630502768,1568207944431,0,0
7u7-2axd8j-4w,7qi-3dcgjc-akz,140,8,0,0,0,0,1649285315960,1650076004780,0,0
7ut-ybzcf-38,7qi-3dcgjc-bkt,460,0,2,1393600,0,0,1567665967198,1689548480476,0,0
7x3-svsm5-7,7qi-3dcgjc-bqq,225,11,1,244800,0,0,1558512669660,1694444248912,0,0
7x3-yw710-a,7qi-3dcgjc-akz,545,20,0,0,0,0,1568609044106,1616928175297,0,0
7ww-ybzcf-7,7qi-3dcgjc-8bb,450,0,2,1037920,0,0,1567665967315,1677403628097,0,0
7u7-ybzcg-h,7qi-3dcgjc-ga5,540,0,0,228800,0,0,1567665968062,1644102295373,0,0
7ut-qbn1n-4,7qi-3dcgjc-bkt,410,0,2,8049600,0,0,1554213099493,1689524900667,0,0
7ut-ybzcf-t,7qi-3dcgjc-908,545,14,0,11653600,0,0,1567665967049,1693876856058,0,0
7ut-rl94y-4,7qi-3dcgjc-bkt,520,1,2,5183200,0,0,1556341250206,1694360152693,0,0
7ww-r36mb-2c,7qi-3dcgjc-38e,135,1,0,0,0,0,1555498179424,1645699579086,0,0
7ww-r4pkf-28,7qi-3dcgjc-g4n,135,0,0,0,0,0,1555569391532,1555569391532,0,0
7u7-y9xnh-a,7qi-3dcgjc-irn,410,5,0,607880,0,0,1567570461538,1694342121601,0,0
7u9-pbziw-2,7qi-3dcgjc-345,410,9,0,7971080,1,0,1552549656239,1699053167646,0,0
7u9-k1hks-33,7qi-3dcgjc-e92,110,10,0,0,0,0,1543661756627,1556308349068,0,0
7u9-k0svg-5q,7qi-3dcgjc-hjk,120,5,0,0,0,0,1543629740862,1544468638800,0,0
7u9-k0svg-5r,7qi-3dcgjc-hjk,125,5,0,0,0,0,1543629740863,1545697983333,0,0
7ww-w2l5k-1,7qi-3dcgjc-8bb,405,0,2,7323160,0,0,1563868440030,1673501004075,0,0
7u7-ybzcf-1k,7qi-3dcgjc-345,530,20,0,0,0,0,1567665967547,1659291090049,0,0
7x3-svsm5-c,7qi-3dcgjc-bqq,250,5,0,0,0,0,1558512669670,1643373196105,0,0
7ww-1ibyf0-8,7qi-3dcgjc-bqq,335,4,0,132160,0,0,1601257084406,1693452171751,0,0
7u7-mvhn1-e,7qi-3dcgjc-ga5,325,0,2,212160,0,0,1548420749589,1667559756336,0,0
7u7-jxkt9-1p,7qi-3dcgjc-ga5,125,5,0,0,0,0,1543479325409,1546322341267,0,0
7u7-ybzcf-2e,7qi-3dcgjc-hjk,445,20,0,0,0,0,1567665967657,1620715486744,0,0
7u7-18zd8n-5,7qi-3dcgjc-e92,325,0,0,0,0,0,1585553223087,1585553223087,0,0
7qi-2ukmg8-b,7qi-3dcgjc-gie,245,0,0,0,0,0,1682283048620,1682283048620,0,0
7u7-t14vc-7,7qi-3dcgjc-irn,335,4,2,987200,0,0,1558761832217,1694267927428,0,0
7x3-sf0zn-h,7qi-3dcgjc-akz,250,5,0,0,0,0,1557730371746,1576733992169,0,0
7u7-18zd8n-a,7qi-3dcgjc-e92,350,0,0,0,0,0,1585553223109,1585553223109,0,0
7x3-xz0ce-8,7qi-3dcgjc-akz,425,1,0,0,0,0,1567060734960,1578782455718,0,0
7u7-18zd8n-9,7qi-3dcgjc-e92,345,0,0,0,0,0,1585553223105,1585553223105,0,0
7u9-pbziw-1,7qi-3dcgjc-345,405,0,2,6977880,0,0,1552549656238,1689497882166,0,0
7ww-tnr0y-9,7qi-3dcgjc-e7n,225,0,0,28800,0,0,1559816978239,1564682349842,0,0
7u7-ybzcf-r,7qi-3dcgjc-gcw,530,13,0,63200,0,0,1567665967439,1692448352283,0,0
7u7-kc9rn-3,7qi-3dcgjc-irn,105,4,0,0,0,0,1544164851290,1562290024932,0,0
7ut-qbn1n-8,7qi-3dcgjc-bkt,430,1,0,0,0,0,1554213099501,1556842496324,0,0
7u9-pzucs-c,7qi-3dcgjc-hjk,410,3,2,20637760,0,0,1553662700687,1693214040214,0,0
7u7-18zd8n-4,7qi-3dcgjc-e92,320,0,0,15360,0,0,1585553223083,1691705666578,0,0
7u9-k7c03-10,7qi-3dcgjc-345,255,10,0,0,0,0,1543934467933,1564337554928,0,0
7ww-ws59r-8,7qi-3dcgjc-8bb,520,0,2,3943200,0,0,1565060911918,1673010918132,0,0
7qi-2ukmg8-6,7qi-3dcgjc-gie,225,0,0,0,0,0,1682283048601,1682283048601,0,0
7ww-ybzcf-5,7qi-3dcgjc-8bb,440,8,0,42640,0,0,1567665967312,1678578643709,0,0
7x6-ty8uy-6,7qi-3dcgjc-bfh,230,0,1,35000,0,0,1560306650112,1609218767583,0,0
7u7-2axd82-1h,7qi-3dcgjc-345,140,8,0,0,0,0,1649285298289,1649542707810,0,0
7ww-ybzcf-6,7qi-3dcgjc-8bb,445,16,0,16120,0,0,1567665967313,1677403759672,0,0
7u7-2axd8g-k,7qi-3dcgjc-hjk,140,8,0,0,0,0,1649285312106,1649624623494,0,0
7ww-1ibyf0-c,7qi-3dcgjc-bqq,355,1,0,393280,0,0,1601257084413,1694148301626,0,0
7u9-k5djw-i,7qi-3dcgjc-gcw,115,20,0,0,0,0,1543843164537,1558448429301,0,0
7u9-t8k45-6,7qi-3dcgjc-gcw,515,2,0,1593600,0,0,1559108181791,1694449998014,0,0
7x3-ybzcf-5,7qi-3dcgjc-akz,440,24,5,37440000,1716520355388,0,1567665967142,1716219280951,0,0
7ww-tnr0y-e,7qi-3dcgjc-e7n,245,0,0,16000,0,0,1559816978246,1564615553493,0,0
7ut-o0nrl-6,7qi-3dcgjc-bkt,305,20,0,0,0,0,1550341585574,1595443382475,0,0
7ww-1ibyf0-5,7qi-3dcgjc-bqq,320,2,3,2983360,0,0,1601257084400,1694448717702,0,0
7u9-k7c03-u,7qi-3dcgjc-345,225,20,0,0,0,0,1543934467929,1555287793353,0,0
7u9-k5djw-h,7qi-3dcgjc-gcw,110,10,0,0,0,0,1543843164536,1552923008166,0,0
7ut-lezid-y,7qi-3dcgjc-bkt,135,1,0,0,0,0,1545971141703,1546279705614,0,0
7u9-t8k45-5,7qi-3dcgjc-gcw,510,6,0,252000,0,0,1559108181786,1692711262653,0,0
7u7-y9xnh-e,7qi-3dcgjc-irn,430,1,0,0,0,0,1567570461545,1581492041942,0,0
7x3-yw710-2,7qi-3dcgjc-akz,505,3,0,0,0,0,1568609044092,1569308750430,0,0
7u7-293cpp-b,7qi-3dcgjc-bqq,435,2,1,1550120,0,0,1646205341493,1694396217645,0,0
7u7-ybzcf-2h,7qi-3dcgjc-hjk,460,0,2,1494480,0,0,1567665967667,1675698026256,0,0
7u9-kha67-d,7qi-3dcgjc-gcw,255,10,0,0,0,0,1544398655218,1562687100371,0,0
7u7-mvhn1-d,7qi-3dcgjc-ga5,320,5,3,5128960,0,0,1548420749588,1683302228063,0,0
7u9-rfpgk-8,7qi-3dcgjc-gcw,425,1,0,0,0,0,1556082468872,1558847879134,0,0
7x6-s9x69-s,7qi-3dcgjc-bfh,130,5,0,0,0,0,1557492145289,1616423411780,0,0
7u9-t8k45-8,7qi-3dcgjc-gcw,520,1,2,5326400,0,0,1559108181795,1638261786241,0,0
7ww-ra5mq-2,7qi-3dcgjc-8bb,105,4,0,0,0,0,1555823490229,1583785370016,0,0
7ww-r36i3-3h,7qi-3dcgjc-e7n,125,1,3,44480,0,0,1555498027873,1688610862557,0,0
7u7-2cekev-5,7qi-3dcgjc-bqq,520,0,1,2148000,0,0,1651767383358,1690103650420,0,0
7u9-k83me-p,7qi-3dcgjc-hjk,210,20,0,0,0,0,1543970262767,1569276074306,0,0
7u7-2axd82-3m,7qi-3dcgjc-gie,140,0,0,0,0,0,1649285298705,1649285298705,0,1543680000000
7u7-293cpp-8,7qi-3dcgjc-bqq,420,2,0,584480,0,0,1646205341486,1694182247582,0,0
7ut-o0nrl-g,7qi-3dcgjc-bkt,350,4,0,0,0,0,1550341585594,1550998451588,0,0
7u7-ybzcf-i,7qi-3dcgjc-gcw,360,15,2,3326080,0,0,1567665967408,1689742716808,0,0
7ww-ra5mq-7,7qi-3dcgjc-8bb,125,5,0,0,0,0,1555823490244,1558459338414,0,0
7ut-lmwaj-d,7qi-3dcgjc-908,220,20,0,0,0,0,1546340219466,1583221327922,0,0
7wz-rnz70-e,7qi-3dcgjc-mq,125,5,0,0,0,0,1556468332738,1564150543080,0,0
7u9-maojc-6,7qi-3dcgjc-345,330,2,2,400640,0,0,1547449912426,1692369686664,0,0
7ww-t9gn6-7,7qi-3dcgjc-8bb,325,5,0,0,0,0,1559150338246,1629859604252,0,0
7u9-k0tgm-1t,7qi-3dcgjc-345,110,10,0,0,0,0,1543630502769,1549163505776,0,0
7ut-v9y9b-2,7qi-3dcgjc-908,510,10,0,0,0,0,1562532399435,1673758120164,0,0
7ww-r36i3-3g,7qi-3dcgjc-e7n,120,5,0,0,0,0,1555498027871,1602495081275,0,0
7u9-k7c03-v,7qi-3dcgjc-345,230,20,0,0,0,0,1543934467929,1553610784100,0,0
7u7-k8rjo-a,7qi-3dcgjc-ga5,240,20,0,0,0,0,1544001268254,1619383808584,0,0
7ut-t0f76-5,7qi-3dcgjc-908,420,3,1,3200600,0,0,1558728562926,1694448574308,0,0
7u7-2axd8i-4b,7qi-3dcgjc-e7n,140,0,0,3840,0,0,1649285314978,1662675322885,0,1543680000000
7u7-ybzcf-1q,7qi-3dcgjc-irn,360,6,2,1554560,0,0,1567665967570,1693523205313,0,0
7ut-qbn1n-3,7qi-3dcgjc-bkt,405,0,2,7030400,0,0,1554213099491,1714062383671,0,0
7u7-25p9ez-4,7qi-3dcgjc-le,215,8,2,450200,1,0,1640509035959,1694445274418,0,0
7x3-svsm5-8,7qi-3dcgjc-bqq,230,16,4,1197800,0,0,1558512669662,1694440489689,0,0
7ut-ybzcf-m,7qi-3dcgjc-908,450,2,1,1488240,0,0,1567665967038,1694438567996,0,0
7ut-ybzcf-33,7qi-3dcgjc-bkt,435,20,0,0,0,0,1567665967189,1606818635937,0,0
7u7-2axd8b-4a,7qi-3dcgjc-bkt,140,8,0,0,0,0,1649285307887,1702238100134,0,0
7ww-1ibyf0-4,7qi-3dcgjc-bqq,315,3,2,1113600,0,0,1601257084398,1694404180268,0,0
7wz-s9dkl-1f,7qi-3dcgjc-mq,225,0,0,10000,0,0,1557466741960,1574401244360,0,0
7ww-tnr0y-d,7qi-3dcgjc-e7n,240,0,0,4400,0,0,1559816978244,1607435846843,0,0
7ww-ra5mq-3,7qi-3dcgjc-8bb,110,10,0,0,0,0,1555823490233,1583785312507,0,0
7ww-w2l5k-2,7qi-3dcgjc-8bb,410,2,0,3514160,0,0,1563868440032,1692616210431,0,0
7x6-s9x69-m,7qi-3dcgjc-bfh,105,4,0,0,0,0,1557492145279,1561258529595,0,0
7u7-ybzcf-2g,7qi-3dcgjc-hjk,455,4,2,4026360,0,0,1567665967664,1693412878037,0,0
7ut-oiuvr-7,7qi-3dcgjc-908,320,20,0,0,0,0,1551190615429,1682401842900,0,0
7u9-kha67-4,7qi-3dcgjc-gcw,210,20,0,0,0,0,1544398655122,1580331560687,0,0
7ut-o0nrl-c,7qi-3dcgjc-bkt,330,3,2,410240,0,0,1550341585584,1644190325046,0,0
7u7-t14vc-a,7qi-3dcgjc-irn,350,4,0,0,0,0,1558761832219,1562595055127,0,0
7x3-svsm5-a,7qi-3dcgjc-bqq,240,7,2,372400,0,0,1558512669666,1694440498662,0,0
7ut-o0nrl-d,7qi-3dcgjc-bkt,335,4,2,1081920,0,0,1550341585588,1644456601361,0,0
7x3-vkddm-a,7qi-3dcgjc-akz,325,5,0,0,0,0,1563018554806,1694906094663,0,0
7ut-lmwaj-i,7qi-3dcgjc-908,245,10,0,0,0,0,1546340219483,1609433589441,0,0
7u9-k7c03-z,7qi-3dcgjc-345,250,5,0,0,0,0,1543934467932,1557142954387,0,0
7u7-mvhn1-j,7qi-3dcgjc-ga5,350,4,0,0,0,0,1548420749592,1551339770673,0,0
7ut-t0f76-2,7qi-3dcgjc-908,405,0,2,7521280,0,0,1558728562919,1690603666259,0,0
7x3-yw710-5,7qi-3dcgjc-akz,520,10,0,0,0,0,1568609044097,1683252796417,0,0
7u7-2axd7v-12,7qi-3dcgjc-le,140,1,0,3120,0,0,1649285291333,1682234949878,0,1540137600000
7ww-ra5mq-6,7qi-3dcgjc-8bb,120,5,0,0,0,0,1555823490240,1557013522172,0,0
7u9-maojc-7,7qi-3dcgjc-345,335,2,2,392000,0,0,1547449912426,1689602423443,0,0
7u9-n2fkh-h,7qi-3dcgjc-gcw,335,2,1,302720,0,0,1548744657622,1694431419742,0,0
7qi-2ukmg8-2,7qi-3dcgjc-gie,210,0,0,0,0,0,1682283048585,1682283048585,0,0
7u7-121w9n-b,7qi-3dcgjc-irn,530,4,1,4830400,0,0,1573913883772,1694446120341,0,0
7u7-18zd8n-2,7qi-3dcgjc-e92,310,0,0,0,0,0,1585553223075,1585553223075,0,0
7u7-y9xnh-c,7qi-3dcgjc-irn,420,10,0,0,0,0,1567570461540,1684486487037,0,0
7ww-ra5mq-5,7qi-3dcgjc-8bb,115,20,0,0,0,0,1555823490237,1583785275429,0,0
7ut-oiuvr-b,7qi-3dcgjc-908,340,4,1,1896000,0,0,1551190615437,1694448529539,0,0
7ww-1ibyf0-3,7qi-3dcgjc-bqq,310,5,4,2688000,0,0,1601257084396,1694344660507,0,0
7u9-k0svg-5t,7qi-3dcgjc-hjk,135,1,0,0,0,0,1543629740864,1545705999695,0,0
7u7-t14vc-1,7qi-3dcgjc-irn,305,20,0,0,0,0,1558761832212,1632543034352,0,0
7ut-o0nrl-8,7qi-3dcgjc-bkt,315,12,3,7282880,0,0,1550341585578,1702314350025,0,0
7ww-ybzcf-b,7qi-3dcgjc-8bb,530,0,2,2100800,0,0,1567665967322,1667130766482,0,0
7u7-2axd7z-1l,7qi-3dcgjc-ga5,140,5,1,22880,0,0,1649285295306,1694792898597,0,1545148800000
7ut-oiuvr-9,7qi-3dcgjc-908,330,10,0,0,0,0,1551190615433,1661876829407,0,0
7ut-o0nrl-a,7qi-3dcgjc-bkt,320,7,3,5104000,0,0,1550341585580,1702992697211,0,0
7x3-xz0ce-4,7qi-3dcgjc-akz,405,3,0,39000,0,0,1567060734948,1713311441944,0,0
7ut-lllgp-n,7qi-3dcgjc-bkt,250,5,0,0,0,0,1546279529663,1552591254896,0,0
7ut-ybzcf-3c,7qi-3dcgjc-bkt,540,2,2,3900800,0,0,1567665967204,1686481253302,0,0
7u7-k8rjo-4,7qi-3dcgjc-ga5,210,20,0,0,0,0,1544001268249,1565060479917,0,0
7ww-t9gn6-4,7qi-3dcgjc-8bb,310,20,0,0,0,0,1559150338236,1618257643357,0,0
7u7-tj6yp-a,7qi-3dcgjc-ga5,510,3,2,59267200,0,0,1559604353835,1653744045243,0,0
7x3-rxw6p-2o,7qi-3dcgjc-gie,105,2,0,6640,0,0,1556930993897,1695011693423,0,0
7u7-293cpp-f,7qi-3dcgjc-bqq,455,0,2,1810120,0,0,1646205341505,1693523641686,0,0
7u9-pzucs-f,7qi-3dcgjc-hjk,425,1,0,0,0,0,1553662700689,1555022878318,0,0
7u9-kt8i7-c,7qi-3dcgjc-e92,240,0,2,87800,0,0,1544956367468,1585035262258,0,0
7qi-2ukmg8-4,7qi-3dcgjc-gie,215,0,0,0,0,0,1682283048590,1682283048590,0,0
7ut-t0f76-7,7qi-3dcgjc-908,430,1,0,0,0,0,1558728562929,1561642348611,0,0
7u9-kt8i7-6,7qi-3dcgjc-e92,215,2,3,220200,0,0,1544956367445,1693582133207,0,0
7wz-rnz70-f,7qi-3dcgjc-mq,130,2,0,4560,0,0,1556468332741,1579355396139,0,0
7u7-t14vc-2,7qi-3dcgjc-irn,310,20,0,0,0,0,1558761832213,1641121317669,0,0
7x6-s9x69-t,7qi-3dcgjc-bfh,135,1,0,0,0,0,1557492145291,1605543803338,0,0
7u9-kt8i7-8,7qi-3dcgjc-e92,220,11,0,47200,0,0,1544956367449,1691497245887,0,0
7u7-2cekev-8,7qi-3dcgjc-bqq,535,3,2,7092800,0,0,1651767383377,1692936599698,0,0
7ut-v9y9b-1,7qi-3dcgjc-908,505,3,0,0,0,0,1562532399431,1563945996539,0,0
7x3-sf0zn-a,7qi-3dcgjc-akz,220,22,3,1273600,0,0,1557730371735,1716128048215,0,0
7ww-s1w1r-7,7qi-3dcgjc-38e,220,0,0,6600,0,0,1557117439552,1692841707343,0,0
7u7-ybzcf-2m,7qi-3dcgjc-hjk,545,18,0,12839200,0,0,1567665967685,1694450310487,0,0
7x6-ty8uy-8,7qi-3dcgjc-bfh,240,0,1,33200,0,0,1560306650116,1609605030965,0,0
7u7-ybzcf-2c,7qi-3dcgjc-hjk,435,20,0,0,0,0,1567665967650,1609392196354,0,0
7u9-kha67-8,7qi-3dcgjc-gcw,230,20,0,0,0,0,1544398655194,1557671691030,0,0
7ww-tnr0y-g,7qi-3dcgjc-e7n,255,2,0,170600,0,0,1559816978251,1688610984887,0,0
7x3-svsm5-3,7qi-3dcgjc-bqq,205,20,0,0,0,0,1558512669650,1656327532668,0,0
7ut-v9y9b-4,7qi-3dcgjc-908,520,2,2,6764000,0,0,1562532399441,1693552684030,0,0
7u9-n2fkh-l,7qi-3dcgjc-gcw,355,5,0,0,0,0,1548744657635,1559108596534,0,0
7ut-oiuvr-4,7qi-3dcgjc-908,305,20,0,0,0,0,1551190615423,1588042868108,0,0
7ww-tnr0y-6,7qi-3dcgjc-e7n,210,0,4,133400,0,0,1559816978233,1564733165257,0,0
7wz-s9dkl-1d,7qi-3dcgjc-mq,215,2,0,8800,0,0,1557466741956,1572358120446,0,0
7ut-lf6ff-3e,7qi-3dcgjc-908,115,20,0,0,0,0,1545980107679,1556791689548,0,0
7ut-lf6ff-3f,7qi-3dcgjc-908,120,5,0,0,0,0,1545980107682,1546769658716,0,0
7u7-ybzcg-j,7qi-3dcgjc-ga5,550,0,0,432000,0,0,1567665968070,1642959604486,0,0
7x6-ty8uy-2,7qi-3dcgjc-bfh,210,0,2,81800,0,0,1560306650104,1678539180250,0,0
7u7-ybzcf-1t,7qi-3dcgjc-irn,445,11,1,5441280,1,0,1567665967581,1694449856265,0,0
7u7-2axd7v-1g,7qi-3dcgjc-g4n,140,0,0,3440,0,0,1649285291412,1690804819479,0,1543680000000
7u7-t14vc-8,7qi-3dcgjc-irn,340,1,1,734400,0,0,1558761832217,1690516938103,0,0
7ww-r4pkf-23,7qi-3dcgjc-g4n,115,0,0,240,0,0,1555569391524,1666342985471,0,0
7u7-k8rjo-5,7qi-3dcgjc-ga5,215,20,0,0,0,0,1544001268250,1590587639667,0,0
7ut-oiuvr-5,7qi-3dcgjc-908,310,20,0,0,0,0,1551190615425,1644562811760,0,0
7ut-ybzcf-34,7qi-3dcgjc-bkt,440,6,2,4054960,0,0,1567665967191,1644491107139,0,0
7u7-293cpp-g,7qi-3dcgjc-bqq,460,6,0,28080,0,0,1646205341507,1687941734576,0,0
7ut-lllgp-g,7qi-3dcgjc-bkt,215,20,0,6000,0,0,1546279529639,1714623270257,0,0
7u7-kc9rn-4,7qi-3dcgjc-irn,110,10,0,0,0,0,1544164851295,1557585865931,0,0
7wz-rnz70-b,7qi-3dcgjc-mq,110,8,4,1380960,0,0,1556468332732,1694429825383,0,0
7u7-ybzcf-v,7qi-3dcgjc-gcw,550,0,3,12785600,0,0,1567665967453,1673174537113,0,0
7u7-mvhn1-i,7qi-3dcgjc-ga5,345,2,0,1896000,0,0,1548420749592,1654592055767,0,0
7ww-tnr0y-7,7qi-3dcgjc-e7n,215,1,0,30600,0,0,1559816978235,1566135994563,0,0
7u9-kha67-7,7qi-3dcgjc-gcw,225,20,0,0,0,0,1544398655190,1581946870961,0,0
7ut-lllgp-l,7qi-3dcgjc-bkt,240,20,0,0,0,0,1546279529656,1563291573839,0,0
7u7-ybzcf-2d,7qi-3dcgjc-hjk,440,20,0,0,0,0,1567665967654,1667749174733,0,0
7u9-k7c03-q,7qi-3dcgjc-345,205,20,0,0,0,0,1543934467926,1552261416436,0,0
7wz-s9dkl-1c,7qi-3dcgjc-mq,210,0,2,71600,0,0,1557466741954,1579360796051,0,0
7ut-lezid-u,7qi-3dcgjc-bkt,115,20,0,0,0,0,1545971141690,1557765935949,0,0
7ww-rf56h-3,7qi-3dcgjc-8bb,215,20,0,0,0,0,1556056185438,1569108226656,0,0
7u7-ybzcf-1v,7qi-3dcgjc-irn,455,1,2,2048280,0,0,1567665967588,1688378269937,0,0
7u7-ybzcf-k,7qi-3dcgjc-gcw,440,20,0,0,0,0,1567665967416,1673463133406,0,0
7x3-sf0zn-8,7qi-3dcgjc-akz,210,36,0,60800,0,0,1557730371731,1716219663023,0,0
7wz-s9dkl-1j,7qi-3dcgjc-mq,245,0,2,642400,0,0,1557466741968,1562686076955,0,0
7u9-k1hks-39,7qi-3dcgjc-e92,130,5,0,0,0,0,1543661756630,1549086865729,0,0
7u7-t14vc-3,7qi-3dcgjc-irn,315,11,0,233920,0,0,1558761832214,1694451924803,0,0
7u9-n2fkh-c,7qi-3dcgjc-gcw,310,20,0,0,0,0,1548744657600,1611493635966,0,0
7u7-ybzcf-1r,7qi-3dcgjc-irn,435,20,0,0,0,0,1567665967574,1681961864158,0,0
7ww-1ibyf0-2,7qi-3dcgjc-bqq,305,5,0,43840,0,0,1601257084394,1694135995821,0,0
7u9-kt8i7-5,7qi-3dcgjc-e92,210,11,1,330000,0,0,1544956367440,1694994407423,0,0
7ut-lmwaj-c,7qi-3dcgjc-908,215,20,0,0,0,0,1546340219463,1567115161937,0,0
7ww-w2l5k-5,7qi-3dcgjc-8bb,425,1,0,0,0,0,1563868440037,1601262345332,0,0
7ut-lllgp-h,7qi-3dcgjc-bkt,220,20,0,0,0,0,1546279529643,1561069241371,0,0
7x3-rupy4-1f,7qi-3dcgjc-le,115,7,0,292560,0,0,1556782940577,1694406192387,0,0
7u7-kc9rn-6,7qi-3dcgjc-irn,115,20,0,0,0,0,1544164851299,1573658454218,0,0
7wz-rnz70-c,7qi-3dcgjc-mq,115,6,1,442560,0,0,1556468332734,1678584120925,0,0
7u9-pbziw-4,7qi-3dcgjc-345,420,4,2,6606080,0,0,1552549656240,1693648598458,0,0
7u7-121w9n-d,7qi-3dcgjc-irn,540,0,2,2017600,0,0,1573913883774,1668654621029,0,0
7x3-s08aj-b,7qi-3dcgjc-akz,135,1,0,0,0,0,1557039995061,1557730526398,0,0
7u9-kt8i7-4,7qi-3dcgjc-e92,205,11,0,14400,0,0,1544956367435,1693716498222,0,0
7u7-ybzcg-k,7qi-3dcgjc-ga5,555,0,0,35200,0,0,1567665968073,1582471583555,0,0
7u7-tj6yp-9,7qi-3dcgjc-ga5,505,3,0,0,0,0,1559604353834,1560260558015,0,0
7u7-293cpp-a,7qi-3dcgjc-bqq,430,0,0,356720,0,0,1646205341491,1692936573108,0,0
7u9-kt8i7-f,7qi-3dcgjc-e92,255,1,0,69000,0,0,1544956367482,1572947489163,0,0
7x6-s9x69-r,7qi-3dcgjc-bfh,125,5,0,0,0,0,1557492145287,1600573014974,0,0
7ww-tnr0y-8,7qi-3dcgjc-e7n,220,0,0,31600,0,0,1559816978237,1564675065363,0,0
7ut-ybzcf-3b,7qi-3dcgjc-bkt,535,10,2,16641600,0,0,1567665967203,1691908322556,0,0
7u9-k5djw-m,7qi-3dcgjc-gcw,135,1,0,0,0,0,1543843164539,1548827156531,0,0
7ut-ybzcf-37,7qi-3dcgjc-bkt,455,0,2,1347320,0,0,1567665967196,1689524870569,0,0
7u7-121w9n-6,7qi-3dcgjc-irn,505,3,0,0,0,0,1573913883767,1579925162187,0,0
7x3-yw710-4,7qi-3dcgjc-akz,515,10,0,0,0,0,1568609044095,1684759714544,0,0
7u7-ybzcg-a,7qi-3dcgjc-ga5,445,7,3,7161960,0,0,1567665968036,1656237537167,0,0
7u7-mvhn1-a,7qi-3dcgjc-ga5,305,20,0,0,0,0,1548420749586,1668436951813,0,0
7ww-s1w1r-b,7qi-3dcgjc-38e,235,0,0,4400,0,0,1557117439564,1651411488008,0,0
7u7-121w9n-g,7qi-3dcgjc-irn,555,0,2,6471200,0,0,1573913883776,1691031466137,0,0
7ut-oiuvr-e,7qi-3dcgjc-908,355,5,0,0,0,0,1551190615443,1687256014056,0,0
7wz-s9dkl-1k,7qi-3dcgjc-mq,250,0,0,3000,0,0,1557466741970,1558437490903,0,0
7x3-s08aj-3,7qi-3dcgjc-akz,105,4,0,0,0,0,1557039995049,1576759118689,0,0
7ww-r36i3-3e,7qi-3dcgjc-e7n,110,4,1,230160,0,0,1555498027868,1688785697151,0,0
7x3-svsm5-b,7qi-3dcgjc-bqq,245,8,0,1596200,1,0,1558512669668,1694510021596,0,0
7u9-n2fkh-f,7qi-3dcgjc-gcw,325,5,0,0,0,0,1548744657613,1647553079375,0,0
7u7-ybzcg-d,7qi-3dcgjc-ga5,460,2,0,14040,0,0,1567665968046,1592316109704,0,0
7ut-lezid-x,7qi-3dcgjc-bkt,130,5,0,0,0,0,1545971141699,1550341740559,0,0
7ut-ybzcf-j,7qi-3dcgjc-908,435,20,0,0,0,0,1567665967033,1656954173959,0,0
7u9-mspcf-9,7qi-3dcgjc-hjk,330,6,2,1140160,0,0,1548290767431,1693444413041,0,0
7u9-mspcf-a,7qi-3dcgjc-hjk,335,3,2,944000,0,0,1548290767432,1693612828709,0,0
7u9-kha67-c,7qi-3dcgjc-gcw,250,5,0,0,0,0,1544398655212,1555241588201,0,0
7u9-maojc-2,7qi-3dcgjc-345,310,20,0,0,0,0,1547449912422,1618164765578,0,0
7ut-ybzcf-3a,7qi-3dcgjc-bkt,530,5,2,6756800,0,0,1567665967201,1684683139905,0,0
7u9-k83me-w,7qi-3dcgjc-hjk,245,10,0,0,0,0,1543970262772,1598006814119,0,0
7u9-n2fkh-j,7qi-3dcgjc-gcw,345,1,1,3245760,0,0,1548744657630,1689934455225,0,0
7u9-k0tgm-1v,7qi-3dcgjc-345,120,5,0,0,0,0,1543630502770,1544439093675,0,0
7u7-ry1wj-1,7qi-3dcgjc-ga5,405,0,0,690040,0,0,1556938403088,1677516797418,0,0
7ww-r4pkf-25,7qi-3dcgjc-g4n,125,0,0,2080,0,0,1555569391528,1689767803685,0,0
7u7-2cekev-2,7qi-3dcgjc-bqq,505,3,0,0,0,0,1651767383340,1653688116892,0,0
7u7-121w9n-f,7qi-3dcgjc-irn,550,0,3,11635200,0,0,1573913883775,1684126817285,0,0
7u7-ybzcf-p,7qi-3dcgjc-gcw,460,0,2,1424280,0,0,1567665967431,1680606393087,0,0
7ut-ybzcf-3d,7qi-3dcgjc-bkt,545,17,4,69063200,0,0,1567665967206,1688912899774,0,0
7x3-rxw6p-2u,7qi-3dcgjc-gie,130,1,0,3520,0,0,1556930993906,1583827028216,0,0
7ut-lezid-t,7qi-3dcgjc-bkt,110,10,0,0,0,0,1545971141687,1556036810767,0,0
7ww-ybzcf-3,7qi-3dcgjc-8bb,360,20,0,0,0,0,1567665967308,1651454455901,0,0
7u7-ybzcf-w,7qi-3dcgjc-gcw,555,0,2,6825600,0,0,1567665967457,1673174520806,0,0
7ut-ybzcf-v,7qi-3dcgjc-908,555,0,2,8930400,0,0,1567665967052,1688901375284,0,0
7u7-kc9rn-7,7qi-3dcgjc-irn,120,5,0,0,0,0,1544164851304,1550641176703,0,0
7u9-maojc-8,7qi-3dcgjc-345,340,3,1,1715200,0,0,1547449912427,1693987255973,0,0
7u9-mspcf-d,7qi-3dcgjc-hjk,350,4,0,0,0,0,1548290767434,1548672407140,0,0
7u7-2cekev-7,7qi-3dcgjc-bqq,530,0,0,597600,0,0,1651767383371,1694148315335,0,0
7u9-maojc-a,7qi-3dcgjc-345,350,4,0,0,0,0,1547449912429,1547873245372,0,0
7x3-ybzcf-8,7qi-3dcgjc-akz,455,20,0,0,0,0,1567665967147,1677510014451,0,0
7u7-293cpp-7,7qi-3dcgjc-bqq,415,1,0,0,0,0,1646205341483,1680789915135,0,0
7u9-kt8i7-a,7qi-3dcgjc-e92,230,0,3,105400,0,0,1544956367458,1693691932165,0,0
7u7-k8rjo-6,7qi-3dcgjc-ga5,220,20,0,0,0,0,1544001268251,1585605421287,0,0
7ww-r4pkf-24,7qi-3dcgjc-g4n,120,0,0,1520,0,0,1555569391526,1686384962934,0,0
7x3-s08aj-a,7qi-3dcgjc-akz,130,5,0,0,0,0,1557039995059,1561940108049,0,0
7u7-ybzcf-1u,7qi-3dcgjc-irn,450,0,2,1011920,0,0,1567665967584,1685404960871,0,0
7u9-kha67-b,7qi-3dcgjc-gcw,245,10,0,0,0,0,1544398655208,1604929216902,0,0
7u7-ltkdo-j,7qi-3dcgjc-irn,255,10,0,0,0,0,1546651372864,1584032416841,0,0
7wz-rnz70-d,7qi-3dcgjc-mq,120,4,0,21120,0,0,1556468332736,1685546031944,0,0
7u7-ybzcf-2n,7qi-3dcgjc-hjk,550,0,3,9868000,0,0,1567665967688,1693839853459,0,0
7ut-qbn1n-6,7qi-3dcgjc-bkt,420,1,2,2744560,0,0,1554213099497,1685664092744,0,0
7ut-qbn1n-5,7qi-3dcgjc-bkt,415,1,0,0,0,0,1554213099495,1555651831441,0,0
7u9-k7c03-r,7qi-3dcgjc-345,210,20,0,0,0,0,1543934467927,1566626659042,0,0
7x3-rupy4-1i,7qi-3dcgjc-le,130,4,2,76160,0,0,1556782940583,1693974887882,0,0
7u9-k1hks-37,7qi-3dcgjc-e92,125,5,0,0,0,0,1543661756629,1546462432250,0,0
7x3-rwduh-7c,7qi-3dcgjc-bqq,125,5,0,0,0,0,1556860569916,1603470614364,0,0
7x3-rxw6p-2s,7qi-3dcgjc-gie,120,1,0,0,0,0,1556930993903,1581434933687,0,0
7x3-sf0zn-9,7qi-3dcgjc-akz,215,21,3,1339600,1,0,1557730371733,1716221894763,0,0
7u9-k0tgm-1z,7qi-3dcgjc-345,135,1,0,0,0,0,1543630502772,1543825035989,0,0
7u9-pbziw-3,7qi-3dcgjc-345,415,1,0,0,0,0,1552549656239,1560349493652,0,0
7u9-kha67-9,7qi-3dcgjc-gcw,235,20,0,0,0,0,1544398655199,1591440318053,0,0
7ut-lllgp-i,7qi-3dcgjc-bkt,225,20,0,0,0,0,1546279529646,1561665492928,0,0
7u7-ybzcf-o,7qi-3dcgjc-gcw,455,0,2,1464320,0,0,1567665967427,1673022650080,0,0
7x3-s08aj-7,7qi-3dcgjc-akz,120,5,0,0,0,0,1557039995055,1629065502031,0,0
7u7-2cekev-a,7qi-3dcgjc-bqq,545,0,0,652000,0,0,1651767383388,1693285069113,0,0
7x3-vkddm-9,7qi-3dcgjc-akz,320,20,0,0,0,0,1563018554804,1702476945125,0,0
7u9-q8th7-2x,7qi-3dcgjc-345,515,6,0,62400,1,0,1554081467534,1703263345386,0,0
7u7-2axd88-2y,7qi-3dcgjc-gcw,140,8,0,0,0,0,1649285304555,1649664374824,0,0
7u9-k5djw-l,7qi-3dcgjc-gcw,130,5,0,0,0,0,1543843164538,1547219665756,0,0
7ut-lmwaj-e,7qi-3dcgjc-908,225,20,0,0,0,0,1546340219470,1574375808962,0,0
7ww-ybzcf-e,7qi-3dcgjc-8bb,545,13,2,24129600,0,0,1567665967327,1671940412996,0,0
7u7-mvhn1-h,7qi-3dcgjc-ga5,340,1,1,716480,0,0,1548420749591,1668605915676,0,0
7ww-rf56h-5,7qi-3dcgjc-8bb,225,20,0,0,0,0,1556056185441,1572553848708,0,0
7u9-k5djw-k,7qi-3dcgjc-gcw,125,5,0,0,0,0,1543843164538,1546516398377,0,0
7ww-r36i3-3l,7qi-3dcgjc-e7n,130,1,0,0,0,0,1555498027875,1565379005244,0,0
7u9-r2ze2-7,7qi-3dcgjc-hjk,510,10,0,0,0,0,1555488810652,1635546036563,0,0
7ut-qbn1n-7,7qi-3dcgjc-bkt,425,1,0,0,0,0,1554213099499,1567752575152,0,0
7u7-ybzcg-c,7qi-3dcgjc-ga5,455,1,2,2048280,0,0,1567665968043,1653744036782,0,0
7x6-ty8uy-a,7qi-3dcgjc-bfh,250,1,1,53400,0,0,1560306650120,1619800868244,0,0
7qi-2ukmg8-c,7qi-3dcgjc-gie,250,0,0,0,0,0,1682283048625,1682283048625,0,0
7u7-ybzcg-8,7qi-3dcgjc-ga5,435,14,1,6813560,0,0,1567665968028,1667693076320,0,0
7ut-lllgp-k,7qi-3dcgjc-bkt,235,20,0,0,0,0,1546279529653,1561989002592,0,0
7u9-kha67-2,7qi-3dcgjc-gcw,205,20,0,0,0,0,1544398655117,1554982606696,0,0
7ww-rf56h-a,7qi-3dcgjc-8bb,250,5,0,0,0,0,1556056185451,1564602575895,0,0
7wz-rnz70-9,7qi-3dcgjc-mq,105,4,0,0,0,0,1556468332730,1557271790530,0,0
7x3-xz0ce-5,7qi-3dcgjc-akz,410,10,0,0,0,0,1567060734951,1675749140980,0,0
7ut-lmwaj-h,7qi-3dcgjc-908,240,20,0,0,0,0,1546340219480,1603202029762,0,0
7u7-ybzcf-q,7qi-3dcgjc-gcw,525,15,2,16389600,0,0,1567665967435,1661060274847,0,0
7qi-2ukmg8-5,7qi-3dcgjc-gie,220,0,0,0,0,0,1682283048595,1682283048595,0,0
7u7-jxkt9-1q,7qi-3dcgjc-ga5,130,5,0,0,0,0,1543479325409,1548420893688,0,0
7ww-ws59r-7,7qi-3dcgjc-8bb,515,0,2,3333600,0,0,1565060911915,1665268075657,0,0
7u9-kt8i7-d,7qi-3dcgjc-e92,245,3,0,27200,0,0,1544956367472,1585121598877,0,0
7u9-k1hks-3b,7qi-3dcgjc-e92,135,1,0,0,0,0,1543661756630,1544956497058,0,0
7ut-ybzcf-u,7qi-3dcgjc-908,550,0,2,8096000,0,0,1567665967050,1671539103313,0,0
7ww-rf56h-9,7qi-3dcgjc-8bb,245,10,0,0,0,0,1556056185449,1592837344803,0,0
7u7-18zd8n-1,7qi-3dcgjc-e92,305,0,0,0,0,0,1585553223068,1585553223068,0,0
7u7-ybzcf-2o,7qi-3dcgjc-hjk,555,1,2,9612800,0,0,1567665967691,1693239675011,0,0
7x3-vkddm-e,7qi-3dcgjc-akz,345,10,0,0,0,0,1563018554813,1695882673188,0,0
7u7-2axd84-4h,7qi-3dcgjc-mq,140,0,1,5920,0,0,1649285300867,1685528219076,0,1543680000000
7u7-ybzcf-1m,7qi-3dcgjc-345,540,20,0,0,0,0,1567665967554,1669320651967,0,0
7u7-25p9ez-9,7qi-3dcgjc-le,240,0,0,5800,0,0,1640509035971,1645868783591,0,0
7x3-xz0ce-9,7qi-3dcgjc-akz,430,1,0,0,0,0,1567060734963,1635118979021,0,0
7u7-293cpp-9,7qi-3dcgjc-bqq,425,1,0,0,0,0,1646205341490,1692560908814,0,0
7ww-t9gn6-8,7qi-3dcgjc-8bb,330,3,2,510720,0,0,1559150338249,1677948906857,0,0
7x3-xz0ce-7,7qi-3dcgjc-akz,420,10,0,0,0,0,1567060734958,1675860828939,0,0
7ut-lmwaj-j,7qi-3dcgjc-908,250,5,0,0,0,0,1546340219486,1557173103181,0,0
7ut-lf6ff-3c,7qi-3dcgjc-908,110,10,0,0,0,0,1545980107676,1599382513267,0,0
7u7-121w9n-a,7qi-3dcgjc-irn,525,2,3,5872000,0,0,1573913883772,1689192898312,0,0
7u9-k83me-u,7qi-3dcgjc-hjk,235,20,0,0,0,0,1543970262771,1569592781013,0,0
7u7-18zd8n-3,7qi-3dcgjc-e92,315,0,0,960,0,0,1585553223079,1691705758335,0,0
7u7-ltkdo-d,7qi-3dcgjc-irn,225,20,0,0,0,0,1546651372830,1625030040479,0,0
7ww-t9gn6-c,7qi-3dcgjc-8bb,350,4,0,0,0,0,1559150338260,1559557080853,0,0
7u9-n2fkh-k,7qi-3dcgjc-gcw,350,4,0,0,0,0,1548744657635,1549726603338,0,0
7ut-rl94y-1,7qi-3dcgjc-bkt,505,3,0,0,0,0,1556341250200,1556965643611,0,0
7u9-pbziw-5,7qi-3dcgjc-345,425,1,0,0,0,0,1552549656241,1556732757644,0,0
7ww-s1w1r-e,7qi-3dcgjc-38e,250,0,0,0,0,0,1557117439575,1557117439575,0,0
7ut-lf6ff-3a,7qi-3dcgjc-908,105,4,0,0,0,0,1545980107672,1546282431451,0,0
7u9-kt8i7-9,7qi-3dcgjc-e92,225,4,0,0,0,0,1544956367454,1597609259015,0,0
7u9-n2fkh-b,7qi-3dcgjc-gcw,305,20,0,0,0,0,1548744657596,1605118500332,0,0
7u7-ybzcf-2i,7qi-3dcgjc-hjk,525,20,0,0,0,0,1567665967670,1667840520673,0,0
7x3-svsm5-4,7qi-3dcgjc-bqq,210,20,0,0,0,0,1558512669652,1691927022395,0,0
7ut-ybzcf-3f,7qi-3dcgjc-bkt,555,0,2,6851200,0,0,1567665967210,1683458387565,0,0
7u7-ybzcf-1j,7qi-3dcgjc-345,525,20,0,0,0,0,1567665967543,1659894897188,0,0
7u7-ltkdo-g,7qi-3dcgjc-irn,240,20,0,0,0,0,1546651372844,1683301274699,0,0
7x3-sf0zn-b,7qi-3dcgjc-akz,225,22,0,63000,0,0,1557730371737,1715937788524,0,0
7u9-maojc-4,7qi-3dcgjc-345,320,9,2,2032960,0,0,1547449912424,1694445456740,0,0
7u7-25p9ez-3,7qi-3dcgjc-le,210,12,0,18200,0,0,1640509035956,1689067925234,0,0
7ww-r36mb-29,7qi-3dcgjc-38e,125,3,0,8720,0,0,1555498179420,1565487134913,0,0
7ut-lmwaj-b,7qi-3dcgjc-908,210,20,0,0,0,0,1546340219460,1574110823877,0,0
7u7-121w9n-8,7qi-3dcgjc-irn,515,2,1,4555200,0,0,1573913883769,1694392942733,0,0
7u9-n2fkh-e,7qi-3dcgjc-gcw,320,8,0,78400,0,0,1548744657609,1694088425446,0,0
7u7-ry1wj-6,7qi-3dcgjc-ga5,430,1,0,0,0,0,1556938403092,1558913647939,0,0
7ww-rf56h-2,7qi-3dcgjc-8bb,210,20,0,0,0,0,1556056185436,1572787678583,0,0
7u9-k83me-s,7qi-3dcgjc-hjk,225,20,0,0,0,0,1543970262769,1563067175083,0,0
7u9-k83me-r,7qi-3dcgjc-hjk,220,20,0,0,0,0,1543970262769,1565588302745,0,0
7ut-lezid-v,7qi-3dcgjc-bkt,120,5,0,0,0,0,1545971141693,1546650865818,0,0
7ww-t9gn6-d,7qi-3dcgjc-8bb,355,4,0,8320,0,0,1559150338263,1678710616451,0,0
7u7-jxkt9-1k,7qi-3dcgjc-ga5,105,4,0,0,0,0,1543479325406,1595385133011,0,0
7u9-n2fkh-g,7qi-3dcgjc-gcw,330,2,2,645760,0,0,1548744657617,1689697399339,0,0
7u7-kc9rn-9,7qi-3dcgjc-irn,130,5,0,0,0,0,1544164851314,1552016279401,0,0
7ww-s1w1r-4,7qi-3dcgjc-38e,205,5,1,132000,1,0,1557117439542,1694255554962,0,0
7ut-oiuvr-c,7qi-3dcgjc-908,345,4,2,7976000,0,0,1551190615439,1694447873115,0,0
7u7-ltkdo-i,7qi-3dcgjc-irn,250,5,0,0,0,0,1546651372859,1552305042634,0,0
7u7-kc9rn-a,7qi-3dcgjc-irn,135,1,0,0,0,0,1544164851318,1546681712414,0,0
7u9-mspcf-e,7qi-3dcgjc-hjk,355,5,0,0,0,0,1548290767434,1553893020356,0,0
7ww-1ibyf0-b,7qi-3dcgjc-bqq,350,4,0,0,0,0,1601257084411,1634993791848,0,0
7ut-t0f76-4,7qi-3dcgjc-908,415,1,0,0,0,0,1558728562924,1611496841110,0,0
7u7-t14vc-5,7qi-3dcgjc-irn,325,5,0,0,0,0,1558761832215,1585980460293,0,0
7x3-s08aj-4,7qi-3dcgjc-akz,110,10,0,0,0,0,1557039995051,1563710374662,0,0
7ww-ra5mq-9,7qi-3dcgjc-8bb,130,5,0,0,0,0,1555823490247,1559150640999,0,0
7x6-s9x69-q,7qi-3dcgjc-bfh,120,5,0,0,0,0,1557492145285,1600507609288,0,0
7u9-k1hks-31,7qi-3dcgjc-e92,105,4,0,0,0,0,1543661756626,1545216016214,0,0
7ww-rf56h-6,7qi-3dcgjc-8bb,230,20,0,0,0,0,1556056185443,1583785174755,0,0
7u9-q8th7-2w,7qi-3dcgjc-345,510,10,0,0,0,0,1554081467534,1647688338747,0,0
7u7-18zd8n-6,7qi-3dcgjc-e92,330,0,0,0,0,0,1585553223091,1585553223091,0,0
7x3-rupy4-1e,7qi-3dcgjc-le,110,8,3,1250000,1,0,1556782940575,1712209186093,0,0
7ww-s1w1r-9,7qi-3dcgjc-38e,230,6,0,95800,1,0,1557117439561,1694353129034,0,0
7x3-rwduh-7d,7qi-3dcgjc-bqq,130,5,0,0,0,0,1556860569920,1581176115195,0,0
7u7-tj6yp-c,7qi-3dcgjc-ga5,520,1,1,2625600,0,0,1559604353836,1651235039623,0,0
7u7-t14vc-9,7qi-3dcgjc-irn,345,3,2,6492800,0,0,1558761832218,1694450300969,0,0
7x3-yw710-b,7qi-3dcgjc-akz,550,6,0,9874400,0,0,1568609044107,1703250051184,0,0
7ut-o0nrl-b,7qi-3dcgjc-bkt,325,4,2,541120,0,0,1550341585582,1651765017759,0,0
7ut-ybzcf-36,7qi-3dcgjc-bkt,450,1,0,728000,0,0,1567665967194,1694704466667,0,0
7u9-maojc-3,7qi-3dcgjc-345,315,11,2,2778240,0,0,1547449912423,1694257572204,0,0
7u7-ybzcg-b,7qi-3dcgjc-ga5,450,0,2,998400,0,0,1567665968040,1581467804945,0,0
7u9-k7c03-s,7qi-3dcgjc-345,215,20,0,0,0,0,1543934467928,1566291692029,0,0
7u7-293cpp-d,7qi-3dcgjc-bqq,445,2,0,468520,0,0,1646205341498,1684247526289,0,0
7u7-2axd8e-4y,7qi-3dcgjc-8bb,140,6,1,19360,0,0,1649285310953,1692883100702,0,1537570632704
7ut-ybzcf-32,7qi-3dcgjc-bkt,360,9,2,2816320,0,0,1567665967187,1713790422678,0,0
7u7-ybzcg-9,7qi-3dcgjc-ga5,440,0,0,72800,0,0,1567665968032,1661221980862,0,0
7u7-18zd8n-c,7qi-3dcgjc-e92,360,0,3,660800,1,0,1585553223115,1694439417546,0,0
7u7-25p9ez-8,7qi-3dcgjc-le,235,0,0,10200,0,0,1640509035968,1690962895635,0,0
7u9-k0svg-5s,7qi-3dcgjc-hjk,130,5,0,0,0,0,1543629740863,1546870866423,0,0
7x3-yw710-c,7qi-3dcgjc-akz,555,6,0,6873600,0,0,1568609044109,1716220931468,0,0
7ut-oiuvr-a,7qi-3dcgjc-908,335,10,0,0,0,0,1551190615435,1693954531883,0,0
7ww-s1w1r-8,7qi-3dcgjc-38e,225,0,0,1200,0,0,1557117439557,1691511885792,0,0
7x3-rxw6p-2v,7qi-3dcgjc-gie,135,1,0,0,0,0,1556930993908,1583361898578,0,0
7wz-s9dkl-1g,7qi-3dcgjc-mq,230,0,0,28600,0,0,1557466741962,1571368695116,0,0
7x3-yw710-8,7qi-3dcgjc-akz,535,20,0,225600,0,0,1568609044102,1713572693224,0,0
7x3-sf0zn-7,7qi-3dcgjc-akz,205,37,4,5989200,1,0,1557730371729,1716221707040,0,0
7ww-1ibyf0-9,7qi-3dcgjc-bqq,340,0,0,74880,0,0,1601257084408,1693452170853,0,0
7x3-rxw6p-2t,7qi-3dcgjc-gie,125,1,0,2800,0,0,1556930993905,1640371711792,0,0
7ut-lmwaj-f,7qi-3dcgjc-908,230,20,0,0,0,0,1546340219473,1565663611180,0,0
7ut-oiuvr-8,7qi-3dcgjc-908,325,5,0,0,0,0,1551190615431,1562294314112,0,0
7ww-s1w1r-c,7qi-3dcgjc-38e,240,0,0,1000,0,0,1557117439568,1557872502443,0,0
7ww-ybzcf-f,7qi-3dcgjc-8bb,550,0,2,6649600,0,0,1567665967329,1671333753627,0,0
7u7-kc9rn-8,7qi-3dcgjc-irn,125,5,0,0,0,0,1544164851309,1551310784897,0,0
7ww-t9gn6-6,7qi-3dcgjc-8bb,320,8,3,6824320,1,0,1559150338243,1695376051210,0,0
7u7-25p9ez-b,7qi-3dcgjc-le,250,2,2,143400,0,0,1640509035976,1654317829996,0,0
7wz-s9dkl-1i,7qi-3dcgjc-mq,240,0,0,0,0,0,1557466741966,1557466741966,0,0
7u7-ry1wj-4,7qi-3dcgjc-ga5,420,1,2,4728360,0,0,1556938403090,1652406052981,0,0
7ww-ybzcf-a,7qi-3dcgjc-8bb,525,16,1,16102400,0,0,1567665967320,1692232253328,0,0
7ww-t9gn6-a,7qi-3dcgjc-8bb,340,1,1,1177920,0,0,1559150338256,1677944122444,0,0
7u9-k83me-v,7qi-3dcgjc-hjk,240,20,0,0,0,0,1543970262771,1567031721307,0,0
7qi-2ukmg8-8,7qi-3dcgjc-gie,235,0,0,0,0,0,1682283048611,1682283048611,0,0
7u7-25p9ez-5,7qi-3dcgjc-le,220,0,0,21800,0,0,1640509035961,1660996570226,0,0
7ww-ybzcf-g,7qi-3dcgjc-8bb,555,0,2,6412800,0,0,1567665967330,1639669759052,0,0
7u7-18zd8n-7,7qi-3dcgjc-e92,335,0,0,0,0,0,1585553223095,1585553223095,0,0
7x3-ybzcf-9,7qi-3dcgjc-akz,460,20,0,0,0,0,1567665967149,1659576624921,0,0
7u7-ybzcf-2l,7qi-3dcgjc-hjk,540,16,0,0,0,0,1567665967681,1694658729156,0,0
7u9-maojc-9,7qi-3dcgjc-345,345,3,2,6808000,0,0,1547449912428,1694081975008,0,0
7u7-2axd7y-1t,7qi-3dcgjc-e92,140,0,1,6720,0,0,1649285294349,1693481790459,0,1543680000000
7ut-lllgp-o,7qi-3dcgjc-bkt,255,10,0,0,0,0,1546279529666,1566431288380,0,0
7ww-r36mb-24,7qi-3dcgjc-38e,105,4,0,0,0,0,1555498179413,1555953187328,0,0
7ut-v9y9b-3,7qi-3dcgjc-908,515,1,2,4958400,0,0,1562532399438,1694268412512,0,0
7ww-r36i3-3f,7qi-3dcgjc-e7n,115,2,1,185680,0,0,1555498027870,1662764027167,0,0
7ww-rf56h-4,7qi-3dcgjc-8bb,220,20,0,0,0,0,1556056185439,1573186579766,0,0
7ww-1ibyf0-6,7qi-3dcgjc-bqq,325,4,0,209920,0,0,1601257084402,1694089343877,0,0
7u7-18zd8n-b,7qi-3dcgjc-e92,355,0,0,0,0,0,1585553223111,1585553223111,0,0
7u7-ybzcf-2b,7qi-3dcgjc-hjk,360,20,0,0,0,0,1567665967647,1595766272834,0,0
7u9-k7c03-w,7qi-3dcgjc-345,235,20,0,0,0,0,1543934467930,1571434018942,0,0
7x3-vkddm-8,7qi-3dcgjc-akz,315,20,0,0,0,0,1563018554802,1700205990969,0,0
7u9-mspcf-5,7qi-3dcgjc-hjk,310,20,0,0,0,0,1548290767428,1602305596084,0,0
7ww-r36mb-27,7qi-3dcgjc-38e,115,3,0,41680,0,0,1555498179417,1688428246164,0,0
7u7-ybzcf-1l,7qi-3dcgjc-345,535,20,0,0,0,0,1567665967551,1673264361246,0,0
7x3-rwduh-7e,7qi-3dcgjc-bqq,135,1,0,0,0,0,1556860569923,1646729861225,0,0
7u9-pzucs-e,7qi-3dcgjc-hjk,420,4,2,9117680,0,0,1553662700689,1694450157198,0,0
7ut-lf6ff-3g,7qi-3dcgjc-908,125,5,0,0,0,0,1545980107686,1547406219546,0,0
7x6-ty8uy-1,7qi-3dcgjc-bfh,205,1,2,104200,1,0,1560306650100,1683966007777,0,0
7u7-18zd8n-8,7qi-3dcgjc-e92,340,0,0,0,0,0,1585553223101,1585553223101,0,0
7u7-ybzcg-7,7qi-3dcgjc-ga5,360,9,0,343360,0,0,1567665968024,1671794428777,0,0
7u7-jxkt9-1o,7qi-3dcgjc-ga5,120,5,0,0,0,0,1543479325408,1545384393503,0,0
7ww-ybzcf-8,7qi-3dcgjc-8bb,455,2,0,898040,0,0,1567665967317,1692616524381,0,0
7x3-sf0zn-e,7qi-3dcgjc-akz,235,25,0,35600,0,0,1557730371741,1716003278612,0,0
7ww-r36i3-3m,7qi-3dcgjc-e7n,135,1,0,0,0,0,1555498027877,1559498454964,0,0
7u7-ltkdo-b,7qi-3dcgjc-irn,215,20,0,0,0,0,1546651372821,1566303658750,0,0
7u9-k83me-q,7qi-3dcgjc-hjk,215,20,0,0,0,0,1543970262768,1568424588146,0,0
7ww-rf56h-b,7qi-3dcgjc-8bb,255,10,0,0,0,0,1556056185452,1589955514851,0,0
7ut-t0f76-6,7qi-3dcgjc-908,425,1,0,0,0,0,1558728562927,1611200469181,0,0
7u9-k0tgm-1x,7qi-3dcgjc-345,130,5,0,0,0,0,1543630502771,1546171355302,0,0
7u7-121w9n-e,7qi-3dcgjc-irn,545,5,0,23200,0,0,1573913883774,1693702788971,0,0
7ww-1ibyf0-a,7qi-3dcgjc-bqq,345,0,2,2868800,0,0,1601257084410,1694420107896,0,0
7x3-s08aj-6,7qi-3dcgjc-akz,115,20,0,0,0,0,1557039995053,1567350481397,0,0
7u7-ybzcg-i,7qi-3dcgjc-ga5,545,4,3,15452000,0,0,1567665968066,1687951383371,0,0
7ut-lllgp-f,7qi-3dcgjc-bkt,210,20,0,164200,0,0,1546279529636,1716135213159,0,0
7u9-mspcf-8,7qi-3dcgjc-hjk,325,5,0,0,0,0,1548290767430,1631373940350,0,0
7u9-maojc-1,7qi-3dcgjc-345,305,20,0,0,0,0,1547449912422,1586783352537,0,0
7ww-tnr0y-5,7qi-3dcgjc-e7n,205,19,3,1074000,1,0,1559816978231,1694405719927,0,0
7u7-ltkdo-a,7qi-3dcgjc-irn,210,20,0,0,0,0,1546651372816,1641994937108,0,0
7u7-121w9n-9,7qi-3dcgjc-irn,520,1,2,6341600,0,0,1573913883770,1682420347979,0,0
7ut-ybzcf-s,7qi-3dcgjc-908,540,5,0,2780800,0,0,1567665967047,1693943475269,0,0
7x3-vkddm-g,7qi-3dcgjc-akz,355,5,0,0,0,0,1563018554818,1594467730169,0,0
7ut-rl94y-3,7qi-3dcgjc-bkt,515,1,2,5008800,0,0,1556341250204,1693755470112,0,0
7ww-rf56h-1,7qi-3dcgjc-8bb,205,20,0,0,0,0,1556056185434,1584124782266,0,0
7x3-svsm5-5,7qi-3dcgjc-bqq,215,20,0,0,0,0,1558512669654,1672110289759,0,0
7x3-svsm5-9,7qi-3dcgjc-bqq,235,9,0,6400,0,0,1558512669664,1694440499934,0,0
7ww-w2l5k-3,7qi-3dcgjc-8bb,415,1,0,0,0,0,1563868440034,1584828040915,0,0
7u7-ybzcf-1f,7qi-3dcgjc-345,445,20,0,0,0,0,1567665967529,1658679302772,0,0
7u7-t14vc-6,7qi-3dcgjc-irn,330,8,2,934080,0,0,1558761832216,1694104927395,0,0
7u9-mspcf-6,7qi-3dcgjc-hjk,315,16,2,4873280,0,0,1548290767429,1694492728379,0,0
7ww-t9gn6-5,7qi-3dcgjc-8bb,315,7,3,4535040,0,0,1559150338240,1692336275101,0,0
7u7-ybzcf-1w,7qi-3dcgjc-irn,460,0,4,2813720,0,0,1567665967591,1694003387259,0,0
7ut-ybzcf-r,7qi-3dcgjc-908,535,12,3,24539200,1,0,1567665967046,1694451925265,0,0
7u7-293cpp-6,7qi-3dcgjc-bqq,410,1,3,19641440,0,0,1646205341482,1694011493539,0,0
7ww-ws59r-5,7qi-3dcgjc-8bb,505,3,0,0,0,0,1565060911909,1565872337668,0,0
7ut-o0nrl-e,7qi-3dcgjc-bkt,340,4,1,1842560,0,0,1550341585590,1694343379738,0,0
7u9-pbziw-6,7qi-3dcgjc-345,430,1,0,0,0,0,1552549656242,1556024859541,0,0
7u7-293cpp-e,7qi-3dcgjc-bqq,450,0,0,32760,0,0,1646205341501,1684247479528,0,0
7u9-pzucs-d,7qi-3dcgjc-hjk,415,1,0,0,0,0,1553662700688,1559763375812,0,0
7ww-tnr0y-a,7qi-3dcgjc-e7n,230,8,0,0,0,0,1559816978241,1564876759866,0,0
7wz-s9dkl-1b,7qi-3dcgjc-mq,205,14,0,251400,1,0,1557466741952,1695703519992,0,0
7u9-k0svg-5o,7qi-3dcgjc-hjk,110,10,0,0,0,0,1543629740861,1549770641046,0,0
7x6-ty8uy-9,7qi-3dcgjc-bfh,245,0,1,333400,0,0,1560306650118,1648617692365,0,0
7u7-ybzcf-u,7qi-3dcgjc-gcw,545,7,0,6512000,0,0,1567665967450,1676389804984,0,0
7ww-ybzcf-c,7qi-3dcgjc-8bb,535,3,2,4898400,0,0,1567665967323,1679182615266,0,0
7ww-r4pkf-22,7qi-3dcgjc-g4n,110,0,1,75920,1,0,1555569391522,1694353791255,0,0
7x3-sf0zn-f,7qi-3dcgjc-akz,240,22,1,598200,0,0,1557730371743,1716210317017,0,0
7x3-ybzcf-7,7qi-3dcgjc-akz,450,20,0,413920,0,0,1567665967145,1716095641233,0,0
7u7-121w9n-c,7qi-3dcgjc-irn,535,2,2,3873600,0,0,1573913883773,1684807766629,0,0
7x3-rxw6p-2q,7qi-3dcgjc-gie,110,1,0,68240,0,0,1556930993899,1689769571847,0,0
7x3-ybzcf-4,7qi-3dcgjc-akz,435,24,0,310960,0,0,1567665967140,1714612046042,0,0
7ww-r36mb-2b,7qi-3dcgjc-38e,130,2,0,2400,0,0,1555498179422,1563929181553,0,0
7x3-vkddm-7,7qi-3dcgjc-akz,310,20,0,0,0,0,1563018554800,1687907772565,0,0
7x3-vkddm-c,7qi-3dcgjc-akz,335,10,0,0,0,0,1563018554810,1700332451664,0,0
7x3-rupy4-1c,7qi-3dcgjc-le,105,4,0,0,0,0,1556782940573,1641037006108,0,0
7u9-n2fkh-i,7qi-3dcgjc-gcw,340,0,2,985920,0,0,1548744657626,1694088325388,0,0
7x3-rupy4-1h,7qi-3dcgjc-le,125,5,0,0,0,0,1556782940581,1677416802105,0,0
7u7-ybzcf-1e,7qi-3dcgjc-345,440,20,0,0,0,0,1567665967525,1638217958969,0,0
7u7-mvhn1-c,7qi-3dcgjc-ga5,315,5,2,1399680,1,0,1548420749587,1707229799434,0,0
7ww-1ibyf0-7,7qi-3dcgjc-bqq,330,4,2,468800,0,0,1601257084404,1694089477326,0,0
7qi-2ukmg8-9,7qi-3dcgjc-gie,240,0,0,0,0,0,1682283048614,1682283048614,0,0
7x3-sf0zn-c,7qi-3dcgjc-akz,230,35,0,336400,0,0,1557730371738,1716136300680,0,0
7u7-ybzcf-j,7qi-3dcgjc-gcw,435,20,0,0,0,0,1567665967412,1612299864911,0,0
7ut-oiuvr-6,7qi-3dcgjc-908,315,20,0,0,0,0,1551190615427,1658391993640,0,0
7ut-ybzcf-k,7qi-3dcgjc-908,440,20,0,0,0,0,1567665967034,1685579810899,0,0
7x3-vkddm-f,7qi-3dcgjc-akz,350,4,0,0,0,0,1563018554816,1569164650618,0,0
7x6-s9x69-n,7qi-3dcgjc-bfh,110,10,0,0,0,0,1557492145281,1594706075241,0,0
7u7-k8rjo-c,7qi-3dcgjc-ga5,250,5,0,0,0,0,1544001268256,1562449125445,0,0
7u7-2cekev-b,7qi-3dcgjc-bqq,550,0,0,277600,0,0,1651767383394,1684848154216,0,0
7ut-oiuvr-d,7qi-3dcgjc-908,350,4,0,0,0,0,1551190615441,1551739833469,0,0
7u9-rfpgk-9,7qi-3dcgjc-gcw,430,1,0,0,0,0,1556082468876,1560018445732,0,0
7u9-k83me-o,7qi-3dcgjc-hjk,205,20,0,0,0,0,1543970262766,1568037432977,0,0
7u7-2cekev-6,7qi-3dcgjc-bqq,525,0,0,235200,0,0,1651767383364,1692936539925,0,0
7u9-kt8i7-b,7qi-3dcgjc-e92,235,0,2,86600,0,0,1544956367463,1585147672334,0,0
7u9-q8th7-2y,7qi-3dcgjc-345,520,3,1,7201600,0,0,1554081467535,1694414284731,0,0
7ww-s1w1r-6,7qi-3dcgjc-38e,215,0,0,27000,0,0,1557117439549,1563366127483,0,0
7ut-ybzcf-3e,7qi-3dcgjc-bkt,550,0,3,9961600,0,0,1567665967208,1625103374704,0,0
7u7-y9xnh-b,7qi-3dcgjc-irn,415,1,0,0,0,0,1567570461539,1585447659993,0,0
7u7-mvhn1-f,7qi-3dcgjc-ga5,330,1,0,16960,0,0,1548420749589,1668276700396,0,0
7ww-1ibyf0-d,7qi-3dcgjc-bqq,360,20,0,0,0,0,1601257084415,1675818501224,0,0
7x3-yw710-9,7qi-3dcgjc-akz,540,20,0,0,0,0,1568609044104,1622296085031,0,0
7u9-r2ze2-9,7qi-3dcgjc-hjk,520,2,2,7372000,0,0,1555488810661,1694414285483,0,0
7ww-r4pkf-21,7qi-3dcgjc-g4n,105,1,0,0,0,0,1555569391520,1691095497917,0,0
7u7-ybzcf-1p,7qi-3dcgjc-345,555,0,2,7893600,0,0,1567665967566,1690640286843,0,0
7ut-ybzcf-35,7qi-3dcgjc-bkt,445,17,2,9490000,0,0,1567665967192,1664773124981,0,0
7ww-tnr0y-f,7qi-3dcgjc-e7n,250,1,0,24800,0,0,1559816978248,1601818223927,0,0
7u9-rfpgk-4,7qi-3dcgjc-gcw,405,0,2,7281560,0,0,1556082468856,1668876421049,0,0
7x3-rxw6p-2r,7qi-3dcgjc-gie,115,1,0,1760,0,0,1556930993901,1603293280190,0,0
7x3-yw710-7,7qi-3dcgjc-akz,530,20,0,17600,0,0,1568609044101,1710516172629,0,0
7x3-vkddm-b,7qi-3dcgjc-akz,330,9,2,908800,0,0,1563018554808,1712664937553,0,0
7u9-mspcf-b,7qi-3dcgjc-hjk,340,5,1,2677760,0,0,1548290767432,1692160350725,0,0
7u9-mspcf-4,7qi-3dcgjc-hjk,305,20,0,0,0,0,1548290767427,1588865840988,0,0
7ww-t9gn6-3,7qi-3dcgjc-8bb,305,20,0,0,0,0,1559150338233,1611855369500,0,0
7u9-k7c03-x,7qi-3dcgjc-345,240,20,0,0,0,0,1543934467931,1566459926520,0,0
7u9-k0tgm-1w,7qi-3dcgjc-345,125,5,0,0,0,0,1543630502771,1545679224248,0,0
7u7-ybzcf-2k,7qi-3dcgjc-hjk,535,20,0,0,0,0,1567665967678,1684008306111,0,0
7ut-ybzcf-o,7qi-3dcgjc-908,460,2,2,2711800,0,0,1567665967041,1690702736485,0,0
7u9-k83me-t,7qi-3dcgjc-hjk,230,20,0,0,0,0,1543970262770,1556246927615,0,0
7ww-ra5mq-a,7qi-3dcgjc-8bb,135,1,0,0,0,0,1555823490250,1583785243215,0,0
7u9-mspcf-7,7qi-3dcgjc-hjk,320,15,3,11203200,0,0,1548290767429,1694391727313,0,0
7ww-w2l5k-6,7qi-3dcgjc-8bb,430,1,0,0,0,0,1563868440039,1634513665094,0,0
7u7-ybzcf-1g,7qi-3dcgjc-345,450,20,0,0,0,0,1567665967533,1679909175924,0,0
7u7-293cpp-c,7qi-3dcgjc-bqq,440,0,1,531960,1,0,1646205341496,1704293055069,0,0
7ut-ybzcf-l,7qi-3dcgjc-908,445,20,0,0,0,0,1567665967036,1671866168081,0,0
7x3-rupy4-1j,7qi-3dcgjc-le,135,1,0,0,0,0,1556782940585,1637672953199,0,0
7u9-k5djw-g,7qi-3dcgjc-gcw,105,4,0,0,0,0,1543843164535,1569036486937,0,0
7u9-maojc-b,7qi-3dcgjc-345,355,5,0,0,0,0,1547449912429,1556478682030,0,0
7ut-lezid-w,7qi-3dcgjc-bkt,125,5,0,0,0,0,1545971141696,1549078617596,0,0
7u7-ybzcf-m,7qi-3dcgjc-gcw,450,9,0,0,0,0,1567665967423,1688540050931,0,0
7u9-maojc-5,7qi-3dcgjc-345,325,3,2,877120,0,0,1547449912425,1692913997012,0,0
7x6-ty8uy-7,7qi-3dcgjc-bfh,235,0,1,40200,0,0,1560306650114,1610486291834,0,0
7u7-ybzcf-1o,7qi-3dcgjc-345,550,0,4,15331200,0,0,1567665967562,1688444460743,0,0
7u9-k1hks-35,7qi-3dcgjc-e92,120,5,0,0,0,0,1543661756628,1548032178012,0,0
7u7-ybzcf-2j,7qi-3dcgjc-hjk,530,19,3,34053600,1,0,1567665967674,1694509004975,0,0
7u7-t14vc-b,7qi-3dcgjc-irn,355,5,0,0,0,0,1558761832219,1584384329815,0,0
7ww-rf56h-7,7qi-3dcgjc-8bb,235,20,0,0,0,0,1556056185445,1578007023287,0,0
7ut-t0f76-3,7qi-3dcgjc-908,410,4,3,31872360,1,0,1558728562922,1699171633784,0,0
7u9-k0svg-5n,7qi-3dcgjc-hjk,105,4,0,0,0,0,1543629740860,1549108754125,0,0
7u9-kt8i7-e,7qi-3dcgjc-e92,250,2,2,154000,0,0,1544956367477,1585094676842,0,0
7u7-jxkt9-1r,7qi-3dcgjc-ga5,135,1,0,0,0,0,1543479325410,1544352448880,0,0
7ww-ybzcf-9,7qi-3dcgjc-8bb,460,0,2,1609920,0,0,1567665967318,1679217895346,0,0
7u9-pzucs-b,7qi-3dcgjc-hjk,405,0,2,7048600,0,0,1553662700685,1689992541277,0,0
7u7-2cekev-c,7qi-3dcgjc-bqq,555,0,0,592000,0,0,1651767383398,1684848238030,0,0
7wz-rnz70-g,7qi-3dcgjc-mq,135,1,0,0,0,0,1556468332742,1557929376729,0,0
7x3-xz0ce-6,7qi-3dcgjc-akz,415,1,0,0,0,0,1567060734954,1578061221431,0,0
7u7-ltkdo-f,7qi-3dcgjc-irn,235,20,0,0,0,0,1546651372840,1671005899451,0,0
7u9-r2ze2-6,7qi-3dcgjc-hjk,505,3,0,0,0,0,1555488810646,1555946640305,0,0
7u7-2axd8a-1i,7qi-3dcgjc-bfh,140,0,0,0,0,0,1649285306279,1649285306279,0,1543680000000
7ut-lmwaj-g,7qi-3dcgjc-908,235,20,0,0,0,0,1546340219476,1593654952618,0,0
7u9-k83me-x,7qi-3dcgjc-hjk,250,5,0,0,0,0,1543970262773,1561288181864,0,0
7ut-ybzcf-n,7qi-3dcgjc-908,455,2,2,2708680,0,0,1567665967039,1693983136578,0,0
7ut-lllgp-j,7qi-3dcgjc-bkt,230,20,0,0,0,0,1546279529649,1562556644322,0,0
7ww-w2l5k-4,7qi-3dcgjc-8bb,420,2,0,33800,0,0,1563868440035,1681009534977,0,0
7u7-25p9ez-2,7qi-3dcgjc-le,205,4,3,301600,0,0,1640509035953,1693813699166,0,0
7ww-tnr0y-b,7qi-3dcgjc-e7n,235,0,0,15400,0,0,1559816978242,1564458749152,0,0
7ut-ybzcf-i,7qi-3dcgjc-908,360,7,2,2160320,0,0,1567665967031,1694427798374,0,0
7u7-ybzcg-g,7qi-3dcgjc-ga5,535,1,0,54400,0,0,1567665968058,1642944295376,0,0
7x3-rwduh-7a,7qi-3dcgjc-bqq,120,5,0,0,0,0,1556860569914,1608746739853,0,0
7u7-ybzcg-f,7qi-3dcgjc-ga5,530,0,0,27200,0,0,1567665968054,1597043562526,0,0
7u7-ry1wj-5,7qi-3dcgjc-ga5,425,1,0,0,0,0,1556938403091,1559769502140,0,0
7u7-tj6yp-b,7qi-3dcgjc-ga5,515,2,1,3308800,0,0,1559604353835,1640654172331,0,0
7u7-ltkdo-e,7qi-3dcgjc-irn,230,20,0,0,0,0,1546651372835,1568488893180,0,0
7ww-ybzcf-d,7qi-3dcgjc-8bb,540,0,2,2088800,0,0,1567665967325,1676033077111,0,0
7ww-ws59r-6,7qi-3dcgjc-8bb,510,7,0,18861600,0,0,1565060911912,1678721825539,0,0
7u7-jxkt9-1l,7qi-3dcgjc-ga5,110,10,0,0,0,0,1543479325407,1551369859171,0,0
7u7-k8rjo-d,7qi-3dcgjc-ga5,255,10,0,0,0,0,1544001268256,1563203143965,0,0
7u9-pzucs-g,7qi-3dcgjc-hjk,430,1,0,0,0,0,1553662700690,1562164758372,0,0
7u7-ltkdo-9,7qi-3dcgjc-irn,205,20,0,0,0,0,1546651372809,1563657410595,0,0
7x6-ty8uy-5,7qi-3dcgjc-bfh,225,4,0,0,0,0,1560306650110,1678648045213,0,0
7u7-25p9ez-7,7qi-3dcgjc-le,230,0,2,92800,0,0,1640509035966,1680266032945,0,0
7u7-y9xnh-9,7qi-3dcgjc-irn,405,0,2,6849440,0,0,1567570461537,1692090577498,0,0
7u9-k0tgm-1u,7qi-3dcgjc-345,115,20,0,0,0,0,1543630502769,1552754122605,0,0
7ut-lmwaj-k,7qi-3dcgjc-908,255,10,0,0,0,0,1546340219490,1594327952227,0,0
7ww-r4pkf-26,7qi-3dcgjc-g4n,130,0,0,0,0,0,1555569391530,1555569391530,0,0
7u7-2axd7v-2r,7qi-3dcgjc-bqq,140,8,0,0,0,0,1649285291671,1651767831588,0,0
7u7-ybzcf-2f,7qi-3dcgjc-hjk,450,12,4,14103960,1,0,1567665967660,1694451919912,0,0
7qi-2ukmg8-d,7qi-3dcgjc-gie,255,0,0,0,0,0,1682283048631,1682283048631,0,0
7ut-lllgp-e,7qi-3dcgjc-bkt,205,20,0,247200,0,0,1546279529633,1716212923401,0,0
7x3-svsm5-6,7qi-3dcgjc-bqq,220,9,0,103000,0,0,1558512669656,1694445535251,0,0
7u7-ltkdo-h,7qi-3dcgjc-irn,245,10,0,0,0,0,1546651372854,1652223552975,0,0
7x3-sf0zn-i,7qi-3dcgjc-akz,255,10,0,0,0,0,1557730371748,1584137025910,0,0
7ww-s1w1r-f,7qi-3dcgjc-38e,255,0,0,9000,0,0,1557117439578,1692754327465,0,0
7u7-ybzcf-1c,7qi-3dcgjc-345,360,20,0,0,0,0,1567665967517,1692183260993,0,0
7x3-rwduh-77,7qi-3dcgjc-bqq,110,10,0,0,0,0,1556860569907,1663331133687,0,0
7u7-ybzcf-s,7qi-3dcgjc-gcw,535,12,2,16768000,1,0,1567665967442,1694446685262,0,0
7u9-k5djw-j,7qi-3dcgjc-gcw,120,5,0,0,0,0,1543843164537,1544846748833,0,0
7u7-ybzcf-1h,7qi-3dcgjc-345,455,15,0,0,0,0,1567665967536,1694374073215,0,0
7x3-svsm5-d,7qi-3dcgjc-bqq,255,7,0,716600,0,0,1558512669672,1694218214950,0,0
7x3-vkddm-d,7qi-3dcgjc-akz,340,20,0,0,0,0,1563018554811,1693437716608,0,0
7u7-ybzcg-e,7qi-3dcgjc-ga5,525,8,0,177600,0,0,1567665968051,1661076901177,0,0
7u9-kha67-5,7qi-3dcgjc-gcw,215,20,0,0,0,0,1544398655181,1639040464697,0,0
7u9-rfpgk-7,7qi-3dcgjc-gcw,420,2,2,5348200,0,0,1556082468868,1689868665426,0,0
7u7-2axd8f-3c,7qi-3dcgjc-irn,140,8,0,0,0,0,1649285311642,1649741899400,0,0
7u7-ry1wj-3,7qi-3dcgjc-ga5,415,0,2,3504800,0,0,1556938403090,1605169860482,0,0
7x6-ty8uy-b,7qi-3dcgjc-bfh,255,0,1,212600,0,0,1560306650122,1668813944923,0,0
7u7-ybzcf-l,7qi-3dcgjc-gcw,445,20,0,0,0,0,1567665967420,1662989528391,0,0
7ww-s1w1r-d,7qi-3dcgjc-38e,245,0,0,0,0,0,1557117439572,1557117439572,0,0
7ww-r36i3-3c,7qi-3dcgjc-e7n,105,4,0,0,0,0,1555498027866,1560224306697,0,0
7ut-lmwaj-a,7qi-3dcgjc-908,205,20,0,0,0,0,1546340219456,1558169508457,0,0
7ut-lf6ff-3i,7qi-3dcgjc-908,135,1,0,0,0,0,1545980107692,1546810091854,0,0
7ww-ybzcf-4,7qi-3dcgjc-8bb,435,20,0,0,0,0,1567665967310,1611855187085,0,0
7ut-rl94y-2,7qi-3dcgjc-bkt,510,9,3,150463200,1,0,1556341250202,1715568852228,0,0
7u7-121w9n-7,7qi-3dcgjc-irn,510,5,0,178400,0,0,1573913883768,1694427098556,0,0
7u7-2cekev-4,7qi-3dcgjc-bqq,515,0,1,1646400,0,0,1651767383353,1692666542693,0,0
7u9-k0svg-5p,7qi-3dcgjc-hjk,115,20,0,0,0,0,1543629740861,1630083469949,0,0
7u7-25p9ez-6,7qi-3dcgjc-le,225,0,0,9200,0,0,1640509035965,1648005499216,0,0
7x6-s9x69-p,7qi-3dcgjc-bfh,115,14,0,525360,0,0,1557492145283,1677156475797,0,0
7u7-ybzcf-1d,7qi-3dcgjc-345,435,20,0,0,0,0,1567665967521,1652764280560,0,0
7ut-ybzcf-p,7qi-3dcgjc-908,525,18,0,0,0,0,1567665967042,1694521451505,0,0
7u7-ybzcf-1n,7qi-3dcgjc-345,545,20,0,0,0,0,1567665967558,1664530420413,0,0
7u7-ybzcf-t,7qi-3dcgjc-gcw,540,14,4,32417600,1,0,1567665967446,1694525842703,0,0
7u7-2axd8f-3p,7qi-3dcgjc-908,140,8,0,0,0,0,1649285311709,1649592171803,0,0
7u9-mspcf-c,7qi-3dcgjc-hjk,345,4,2,7411840,0,0,1548290767433,1692084792005,0,0
7ut-o0nrl-7,7qi-3dcgjc-bkt,310,20,0,0,0,0,1550341585576,1606603868770,0,0
7u7-25p9ez-a,7qi-3dcgjc-le,245,0,0,3400,0,0,1640509035974,1648190707135,0,0
7u7-2cekev-3,7qi-3dcgjc-bqq,510,0,0,148800,0,0,1651767383347,1682058386582,0,0
7u7-y9xnh-d,7qi-3dcgjc-irn,425,1,0,0,0,0,1567570461541,1683205154906,0,0
7u7-ybzcf-1i,7qi-3dcgjc-345,460,20,0,0,0,0,1567665967540,1691235182005,0,0
7u9-kha67-a,7qi-3dcgjc-gcw,240,20,0,0,0,0,1544398655203,1594504897904,0,0
7u7-t14vc-4,7qi-3dcgjc-irn,320,10,3,8406720,0,0,1558761832215,1694492113591,0,0
7u7-k8rjo-7,7qi-3dcgjc-ga5,225,20,0,0,0,0,1544001268252,1565283137766,0,0
7x3-rwduh-78,7qi-3dcgjc-bqq,115,20,0,0,0,0,1556860569912,1678660941317,0,0
7x3-yw710-6,7qi-3dcgjc-akz,525,20,0,2300800,0,0,1568609044099,1713800239926,0,0
7u7-k8rjo-8,7qi-3dcgjc-ga5,230,20,0,0,0,0,1544001268253,1590580191974,0,0
7ut-o0nrl-h,7qi-3dcgjc-bkt,355,5,0,0,0,0,1550341585596,1562131635849,0,0
7x6-ty8uy-3,7qi-3dcgjc-bfh,215,10,2,479800,1,0,1560306650106,1679751406396,0,0
7ww-r36mb-28,7qi-3dcgjc-38e,120,3,0,24240,0,0,1555498179418,1693125355661,0,0
7u7-mvhn1-b,7qi-3dcgjc-ga5,310,13,3,5754240,1,0,1548420749586,1707613574957,0,0
7u7-mvhn1-k,7qi-3dcgjc-ga5,355,5,0,0,0,0,1548420749593,1557829466792,0,0
7x3-s08aj-8,7qi-3dcgjc-akz,125,5,0,0,0,0,1557039995057,1560606835255,0,0
7u7-jxkt9-1m,7qi-3dcgjc-ga5,115,20,0,0,0,0,1543479325407,1556626339361,0,0
7u9-t8k45-4,7qi-3dcgjc-gcw,505,3,0,0,0,0,1559108181782,1560157902410,0,0
7ww-s1w1r-5,7qi-3dcgjc-38e,210,2,0,0,0,0,1557117439546,1683787911534,0,0
7x3-yw710-3,7qi-3dcgjc-akz,510,10,0,0,0,0,1568609044094,1646006781969,0,0
7u9-rfpgk-6,7qi-3dcgjc-gcw,415,1,0,0,0,0,1556082468864,1557375845687,0,0
7qi-2ukmg8-7,7qi-3dcgjc-gie,230,0,0,0,0,0,1682283048606,1682283048606,0,0
7u7-ltkdo-c,7qi-3dcgjc-irn,220,20,0,0,0,0,1546651372825,1659000511290,0,0
7u7-k8rjo-b,7qi-3dcgjc-ga5,245,10,0,0,0,0,1544001268255,1566465422350,0,0
7ut-lezid-r,7qi-3dcgjc-bkt,105,4,0,0,0,0,1545971141683,1546221678806,0,0
7u7-k8rjo-3,7qi-3dcgjc-ga5,205,20,0,0,0,0,1544001268193,1590591327149,0,0
7u7-2axd8g-1r,7qi-3dcgjc-38e,140,2,0,0,0,0,1649285312341,1650475575937,0,1544112000000
7u7-ry1wj-2,7qi-3dcgjc-ga5,410,0,2,8133840,0,0,1556938403089,1648004291325,0,0
7ut-lllgp-m,7qi-3dcgjc-bkt,245,10,0,0,0,0,1546279529659,1586765580011,0,0
7u9-k7c03-y,7qi-3dcgjc-345,245,10,0,0,0,0,1543934467932,1580840592782,0,0
7x3-rwduh-74,7qi-3dcgjc-bqq,105,4,0,0,0,0,1556860569903,1562329163294,0,0
7wz-s9dkl-1l,7qi-3dcgjc-mq,255,0,0,6000,0,0,1557466741972,1571324751988,0,0
7u9-kha67-6,7qi-3dcgjc-gcw,220,20,0,0,0,0,1544398655185,1589883538896,0,0
7ww-t9gn6-9,7qi-3dcgjc-8bb,335,3,3,960000,1,0,1559150338253,1694739455138,0,0
7u9-k1hks-34,7qi-3dcgjc-e92,115,16,1,731040,0,0,1543661756627,1693958648660,0,0
7u9-n2fkh-d,7qi-3dcgjc-gcw,315,10,3,6533440,0,0,1548744657604,1689827408169,0,0
7x3-sf0zn-g,7qi-3dcgjc-akz,245,10,0,0,0,0,1557730371745,1599010132376,0,0
7ww-r36mb-25,7qi-3dcgjc-38e,110,2,0,27600,0,0,1555498179415,1692715474467,0,0
7u9-k7c03-t,7qi-3dcgjc-345,220,20,0,0,0,0,1543934467928,1558235122555,0,0